#YY,MM,DD,hh,mm,WVHT,SwH,SwP,WWH,WWP,SwD,WWD,STEEPNESS,APD,MWD
2024,05,18,17,30,0.7,0.1,10.0,0.7,8.0,SE,SE,,3.4,144
2024,05,18,17,00,0.8,0.1,10.0,0.8,7.4,SE,SE,,3.5,144
2024,05,18,16,30,0.8,0.1,10.0,0.8,7.7,SE,SE,,3.3,140
2024,05,18,16,00,0.8,0.1,10.0,0.8,8.0,SE,SE,,3.4,136
2024,05,18,15,30,0.8,0.1,10.0,0.8,3.7,SSE,NE,VERY_STEEP,3.4,49
2024,05,18,15,00,0.8,0.1,10.0,0.8,8.0,SSE,SSE,AVERAGE,3.4,150
2024,05,18,14,30,0.8,0.1,10.0,0.8,8.7,SSE,SSE,AVERAGE,3.5,147
2024,05,18,14,00,0.9,0.1,10.0,0.9,8.0,SE,SE,AVERAGE,3.6,144
2024,05,18,13,30,0.9,0.1,10.0,0.9,8.3,SE,SE,AVERAGE,3.5,140
2024,05,18,13,00,1.0,0.1,10.0,0.9,8.3,SE,SE,AVERAGE,3.6,142
2024,05,18,12,30,1.0,0.1,10.0,0.9,3.6,SE,NE,VERY_STEEP,3.6,45
2024,05,18,12,00,1.0,0.1,10.0,0.9,7.7,SSE,SE,AVERAGE,3.7,137
2024,05,18,11,30,1.0,0.1,10.0,1.0,8.0,SE,SE,AVERAGE,3.6,142
2024,05,18,11,00,0.9,0.1,10.5,0.9,7.7,SE,SE,AVERAGE,3.8,137
2024,05,18,10,30,0.9,0.1,10.0,0.9,8.7,SE,SE,VERY_STEEP,3.6,50
2024,05,18,10,00,0.9,0.1,10.0,0.9,8.0,SSE,SE,AVERAGE,3.6,142
2024,05,18,09,30,0.9,0.1,10.0,0.8,8.3,SE,SE,AVERAGE,3.5,145
2024,05,18,09,00,0.8,0.1,10.5,0.8,8.7,SE,SE,AVERAGE,3.7,138
2024,05,18,08,30,0.8,0.1,10.0,0.8,7.4,SE,SE,AVERAGE,3.8,136
2024,05,18,08,00,0.8,0.1,10.0,0.8,7.7,SE,SE,AVERAGE,4.0,140
2024,05,18,07,30,0.9,0.1,10.0,0.9,8.7,SE,SE,AVERAGE,4.1,139
2024,05,18,07,00,0.9,0.1,10.0,0.9,8.0,SE,SE,AVERAGE,3.9,136
2024,05,18,06,30,0.8,0.1,10.0,0.8,8.3,SSE,SE,AVERAGE,3.6,143
2024,05,18,06,00,0.9,0.1,10.0,0.9,7.7,SE,SE,AVERAGE,3.7,144
2024,05,18,05,30,0.9,0.1,10.0,0.9,8.3,SSE,SSE,AVERAGE,3.7,147
2024,05,18,05,00,0.9,0.1,10.0,0.9,7.7,SE,SE,AVERAGE,3.6,142
2024,05,18,04,30,0.9,0.1,10.0,0.9,7.7,SSE,SE,AVERAGE,3.6,140
2024,05,18,04,00,0.9,0.1,10.0,0.9,8.0,SSE,SSE,AVERAGE,3.5,147
2024,05,18,03,30,0.9,0.1,10.0,0.9,8.7,SE,SSE,AVERAGE,3.4,148
2024,05,18,03,00,0.9,0.1,10.0,0.9,9.1,SSE,SSE,AVERAGE,3.6,152
2024,05,18,02,30,0.9,0.1,10.0,0.9,8.0,SE,SE,AVERAGE,3.7,145
2024,05,18,02,00,0.9,0.1,10.0,0.8,8.3,SSE,SSE,AVERAGE,3.8,151
2024,05,18,01,30,0.8,0.1,10.0,0.8,8.0,SE,SSE,AVERAGE,3.8,148
2024,05,18,01,00,0.8,0.2,10.0,0.8,8.7,SSE,SSE,AVERAGE,3.9,151
2024,05,18,00,30,0.8,0.1,10.0,0.8,8.7,SSE,SSE,,3.7,160
2024,05,18,00,00,0.8,0.2,10.0,0.8,8.3,SSE,SSE,AVERAGE,3.9,153
2024,05,17,23,30,0.8,0.2,10.0,0.8,8.3,SSE,SSE,AVERAGE,3.9,154
2024,05,17,23,00,0.9,0.1,10.0,0.9,8.3,SSE,SSE,AVERAGE,3.9,155
2024,05,17,22,30,0.9,0.1,10.0,0.9,8.7,SSE,SSE,AVERAGE,3.9,156
2024,05,17,22,00,0.9,0.1,10.0,0.9,8.7,SE,SSE,AVERAGE,4.0,150
2024,05,17,21,30,1.0,0.1,10.0,1.0,8.3,SE,SSE,AVERAGE,4.1,151
2024,05,17,21,00,1.0,0.1,10.0,1.0,8.0,SE,SSE,AVERAGE,4.0,159
2024,05,17,20,30,1.0,0.1,10.0,1.0,4.1,SSE,NE,VERY_STEEP,4.1,51
2024,05,17,20,00,1.1,0.1,10.0,1.1,4.3,SSE,NE,VERY_STEEP,4.2,53
2024,05,17,19,30,1.1,0.2,10.0,1.1,8.7,SE,SSE,AVERAGE,4.0,147
2024,05,17,19,00,1.1,0.1,10.0,1.1,4.2,SSE,NE,VERY_STEEP,4.0,45
2024,05,17,18,30,1.1,0.2,10.0,1.1,8.3,SE,SSE,AVERAGE,4.1,150
2024,05,17,18,00,1.2,0.2,10.0,1.2,3.9,SSE,NE,VERY_STEEP,4.0,49
2024,05,17,17,30,1.1,0.1,10.0,1.1,9.1,SE,SSE,AVERAGE,4.3,155
2024,05,17,17,00,1.1,0.2,10.0,1.1,8.3,SSE,SE,AVERAGE,4.3,145
2024,05,17,16,30,1.0,0.2,10.0,1.0,8.7,SE,SSE,AVERAGE,4.3,161
2024,05,17,16,00,1.0,0.2,10.0,1.0,7.7,SSE,SE,AVERAGE,4.5,142
2024,05,17,15,30,1.0,0.2,10.0,0.9,8.7,SSE,SSE,AVERAGE,4.8,157
2024,05,17,15,00,0.9,0.2,10.0,0.9,8.3,SSE,SSE,AVERAGE,4.4,151
2024,05,17,14,30,0.9,0.2,10.0,0.9,8.3,SSE,SSE,AVERAGE,4.5,151
2024,05,17,14,00,0.9,0.2,10.0,0.9,8.3,SSE,SSE,AVERAGE,4.7,158
2024,05,17,13,30,1.0,0.2,10.0,0.9,9.1,SSE,SSE,AVERAGE,4.4,158
2024,05,17,13,00,1.0,0.2,10.0,1.0,8.7,SSE,SSE,AVERAGE,4.6,157
2024,05,17,12,30,1.1,0.2,10.0,1.0,8.0,SSE,SSE,AVERAGE,4.5,149
2024,05,17,12,00,1.1,0.2,10.0,1.0,8.7,S,SSE,AVERAGE,4.6,157
2024,05,17,11,30,1.1,0.2,10.0,1.1,9.1,SSE,S,AVERAGE,4.9,173
2024,05,17,11,00,1.1,0.2,10.0,1.1,8.0,SSE,SSE,AVERAGE,4.6,150
2024,05,17,10,30,1.1,0.2,10.0,1.1,9.1,S,S,AVERAGE,4.8,170
2024,05,17,10,00,1.1,0.2,10.0,1.1,8.7,SSE,SSE,AVERAGE,5.0,156
2024,05,17,09,30,1.3,0.3,10.0,1.3,8.7,SSE,SSE,AVERAGE,5.5,162
2024,05,17,09,00,1.1,0.2,10.0,1.1,9.1,SSE,SSE,AVERAGE,5.0,160
2024,05,17,08,30,1.2,0.3,10.0,1.2,8.7,SSE,SSE,AVERAGE,5.1,160
2024,05,17,08,00,1.2,0.2,10.0,1.2,9.1,SSE,SSE,AVERAGE,5.0,158
2024,05,17,07,30,1.3,0.2,10.0,1.2,8.7,SSE,SSE,AVERAGE,5.0,161
2024,05,17,07,00,1.4,0.3,10.0,1.4,9.1,SSE,SSE,AVERAGE,5.3,162
2024,05,17,06,30,1.5,0.2,10.0,1.5,8.7,S,SSE,AVERAGE,5.4,158
2024,05,17,06,00,1.5,0.3,10.0,1.5,9.1,SSE,SSE,AVERAGE,5.3,164
2024,05,17,05,30,1.4,0.3,10.0,1.4,8.7,SSE,SSE,AVERAGE,5.1,164
2024,05,17,05,00,1.4,0.3,10.0,1.4,8.7,S,SSE,AVERAGE,5.1,166
2024,05,17,04,30,1.5,0.3,10.0,1.5,9.5,S,S,AVERAGE,5.3,172
2024,05,17,04,00,1.5,0.3,10.0,1.5,9.1,SSE,S,AVERAGE,5.2,172
2024,05,17,03,30,1.4,0.4,10.0,1.4,9.5,S,S,AVERAGE,5.1,175
2024,05,17,03,00,1.4,0.4,10.0,1.4,9.1,S,S,AVERAGE,5.1,182
2024,05,17,02,30,1.6,0.4,10.0,1.5,8.3,SSE,S,AVERAGE,5.2,178
2024,05,17,02,00,1.6,0.4,10.0,1.5,9.5,S,S,AVERAGE,5.0,172
2024,05,17,01,30,1.6,0.5,10.0,1.5,9.5,S,S,AVERAGE,5.3,176
2024,05,17,01,00,1.7,0.5,10.0,1.6,9.5,S,S,AVERAGE,5.1,178
2024,05,17,00,30,1.9,0.7,10.0,1.7,9.5,S,S,AVERAGE,5.7,175
2024,05,17,00,00,1.7,0.6,10.0,1.6,9.5,S,S,AVERAGE,5.3,179
2024,05,16,23,30,1.7,0.6,10.0,1.6,9.1,S,S,AVERAGE,5.4,182
2024,05,16,23,00,1.8,0.6,10.0,1.7,9.5,S,S,AVERAGE,5.5,178
2024,05,16,22,30,1.7,0.6,10.0,1.6,9.5,S,S,AVERAGE,5.4,176
2024,05,16,22,00,1.7,0.7,10.0,1.6,9.5,S,S,AVERAGE,5.5,181
2024,05,16,21,30,1.7,0.6,10.0,1.6,9.1,S,S,AVERAGE,5.3,176
2024,05,16,21,00,1.8,0.8,10.0,1.6,8.7,S,SSE,AVERAGE,5.5,171
2024,05,16,20,30,1.8,0.6,10.0,1.7,9.1,S,S,AVERAGE,5.4,172
2024,05,16,20,00,1.8,0.8,10.0,1.6,9.5,SSE,SSE,AVERAGE,5.5,162
2024,05,16,19,30,1.8,0.8,10.0,1.6,9.5,SSE,SSE,AVERAGE,5.5,167
2024,05,16,19,00,1.9,0.8,10.0,1.7,9.5,SSE,SSE,AVERAGE,5.5,164
2024,05,16,18,30,1.8,0.8,10.0,1.6,9.5,S,SSE,AVERAGE,5.4,170
2024,05,16,18,00,1.8,0.8,10.0,1.6,9.5,SSE,SSE,AVERAGE,5.5,166
2024,05,16,17,30,1.8,0.9,10.0,1.6,9.5,SSE,SSE,AVERAGE,5.8,167
2024,05,16,17,00,1.7,0.9,10.0,1.5,9.5,S,SSE,AVERAGE,5.7,171
2024,05,16,16,30,1.7,0.9,10.5,1.5,9.5,S,SSE,AVERAGE,5.5,169
2024,05,16,16,00,1.9,1.0,10.0,1.7,9.5,S,S,AVERAGE,5.9,175
2024,05,16,15,30,1.9,0.9,10.0,1.7,9.5,S,SSE,AVERAGE,5.8,166
2024,05,16,15,00,1.8,0.8,10.5,1.6,9.5,S,SSE,AVERAGE,5.7,186
2024,05,16,14,30,2.0,0.8,10.0,1.8,9.5,SSE,SSE,AVERAGE,6.0,167
2024,05,16,14,00,1.8,0.8,10.5,1.6,9.5,S,S,AVERAGE,5.7,172
2024,05,16,13,30,2.1,1.0,10.5,1.9,9.5,S,S,AVERAGE,6.0,177
2024,05,16,13,00,2.2,1.1,11.1,2.0,9.5,S,SSE,AVERAGE,6.3,179
2024,05,16,12,30,2.2,1.1,10.0,1.9,9.5,S,SSE,AVERAGE,6.2,172
2024,05,16,12,00,2.4,1.3,10.5,2.0,9.5,S,S,AVERAGE,6.3,174
2024,05,16,11,30,2.4,1.1,10.5,2.1,9.1,S,SSE,AVERAGE,6.0,170
2024,05,16,11,00,2.5,1.3,10.0,2.1,9.5,S,S,AVERAGE,6.1,172
2024,05,16,10,30,2.6,1.2,10.0,2.3,9.5,S,S,AVERAGE,6.2,174
2024,05,16,10,00,2.7,1.6,10.0,2.2,9.5,S,S,AVERAGE,6.6,172
2024,05,16,09,30,2.8,1.6,10.0,2.3,9.5,S,S,AVERAGE,6.7,176
2024,05,16,09,00,2.5,1.3,10.0,2.1,9.5,SSE,S,AVERAGE,6.2,167
2024,05,16,08,30,2.5,1.4,10.5,2.0,9.5,S,S,AVERAGE,6.5,182
2024,05,16,08,00,2.4,1.3,10.5,2.0,9.1,S,S,AVERAGE,6.2,173
2024,05,16,07,30,2.4,1.3,11.1,2.0,9.5,S,S,AVERAGE,6.5,181
2024,05,16,07,00,2.3,1.4,11.1,1.9,9.5,S,S,AVERAGE,6.7,178
2024,05,16,06,30,2.2,1.2,10.0,1.8,8.7,S,S,AVERAGE,6.6,177
2024,05,16,06,00,2.1,1.3,10.5,1.7,9.5,S,S,AVERAGE,6.5,179
2024,05,16,05,30,1.9,1.0,10.0,1.6,9.5,S,S,AVERAGE,5.9,185
2024,05,16,05,00,1.7,0.9,10.0,1.4,9.5,SSW,S,AVERAGE,5.3,192
2024,05,16,04,30,1.4,0.7,10.5,1.1,9.5,SSW,S,AVERAGE,4.7,203
2024,05,16,04,00,1.1,0.6,11.1,0.9,9.5,SSW,SSW,AVERAGE,4.2,208
2024,05,16,03,30,0.9,0.4,11.8,0.8,3.0,SSW,ENE,AVERAGE,3.7,202
2024,05,16,03,00,0.8,0.3,11.8,0.8,3.6,SSW,SE,AVERAGE,3.4,204
2024,05,16,02,30,0.7,0.2,12.5,0.7,6.2,SSW,S,,3.2,187
2024,05,16,02,00,0.6,0.1,12.5,0.6,6.5,SSW,SSW,,3.1,197
2024,05,16,01,30,0.6,0.1,11.1,0.6,6.2,SSE,S,,3.2,191
2024,05,16,01,00,0.5,0.1,11.8,0.5,6.7,SSE,SSW,,3.1,197
2024,05,16,00,30,0.5,0.1,10.0,0.5,6.9,SE,S,,3.1,185
2024,05,16,00,00,0.5,0.1,12.5,0.5,6.9,SE,S,,3.0,185
2024,05,15,23,30,0.4,0.1,11.1,0.4,6.9,SSE,S,,3.0,175
2024,05,15,23,00,0.4,0.1,10.0,0.4,7.1,SSE,S,,3.2,172
2024,05,15,22,30,0.4,0.1,11.8,0.4,6.9,SSE,S,,3.3,170
2024,05,15,22,00,0.4,0.1,10.0,0.3,4.2,SSE,S,,3.3,169
2024,05,15,21,30,0.3,0.1,11.8,0.3,3.9,SSE,S,,3.7,172
2024,05,15,21,00,0.3,0.1,12.5,0.3,3.9,SSE,SSE,,3.8,178
2024,05,15,20,30,0.3,0.1,10.0,0.3,6.9,SSE,SSE,,4.0,158
2024,05,15,20,00,0.3,0.1,11.8,0.3,3.9,SSE,S,,4.1,176
2024,05,15,19,30,0.3,0.1,10.0,0.3,3.9,SSE,S,,4.1,178
2024,05,15,19,00,0.4,0.1,12.5,0.3,3.9,SSE,S,,4.1,175
2024,05,15,18,30,0.3,0.1,12.5,0.3,3.9,SSE,S,,4.0,178
2024,05,15,18,00,0.4,0.1,10.0,0.4,3.9,SSE,S,,4.0,173
2024,05,15,17,30,0.4,0.1,11.8,0.4,3.9,SSE,S,,3.8,180
2024,05,15,17,00,0.4,0.1,11.8,0.4,4.1,SSE,S,,3.7,190
2024,05,15,16,30,0.4,0.1,12.5,0.4,4.0,SSE,SSW,,3.7,192
2024,05,15,16,00,0.4,0.1,11.8,0.4,4.2,SSE,SSW,,3.8,194
2024,05,15,15,30,0.4,0.1,12.5,0.4,4.2,SSE,S,,3.8,187
2024,05,15,15,00,0.4,0.1,12.5,0.4,4.2,SSE,SSW,,3.9,191
2024,05,15,14,30,0.5,0.1,12.5,0.4,3.7,SSE,S,,3.9,188
2024,05,15,14,00,0.5,0.1,12.5,0.4,4.3,SSE,SSW,,3.9,212
2024,05,15,13,30,0.4,0.1,12.5,0.4,3.7,SSE,S,,3.8,187
2024,05,15,13,00,0.5,0.1,11.8,0.4,4.3,SSE,SW,,3.8,199
2024,05,15,12,30,0.5,0.1,12.5,0.4,3.7,SSE,S,,3.9,187
2024,05,15,12,00,0.5,0.1,12.5,0.5,4.0,SSE,SSW,,4.0,203
2024,05,15,11,30,0.5,0.1,10.5,0.5,4.2,SSE,SSW,,4.0,208
2024,05,15,11,00,0.5,0.1,12.5,0.5,4.5,SSE,SW,,4.0,220
2024,05,15,10,30,0.5,0.1,12.5,0.5,4.2,SSE,SSW,,4.0,200
2024,05,15,10,00,0.5,0.1,12.5,0.5,4.1,SSE,S,,3.9,185
2024,05,15,09,30,0.6,0.1,11.1,0.5,4.5,SSE,SW,,3.9,220
2024,05,15,09,00,0.6,0.1,11.1,0.6,4.4,SSE,SSW,,3.9,206
2024,05,15,08,30,0.6,0.1,12.5,0.6,4.3,SSE,SSW,,3.8,201
2024,05,15,08,00,0.6,0.1,12.5,0.6,4.7,SSE,SW,,3.9,217
2024,05,15,07,30,0.6,0.1,12.5,0.6,4.8,SSE,SW,,3.9,214
2024,05,15,07,00,0.6,0.1,10.0,0.6,4.2,SSE,SSW,,3.8,192
2024,05,15,06,30,0.7,0.1,12.5,0.7,4.3,SSE,SSW,,3.8,201
2024,05,15,06,00,0.7,0.1,11.8,0.7,4.5,SSE,SW,,3.8,216
2024,05,15,05,30,0.7,0.1,12.5,0.7,4.3,SSE,SSW,,3.7,207
2024,05,15,05,00,0.7,0.1,12.5,0.7,4.3,SSE,S,,3.8,191
2024,05,15,04,30,0.7,0.1,10.0,0.7,4.1,SSE,SSW,,3.7,194
2024,05,15,04,00,0.7,0.1,10.0,0.7,4.3,SSE,SSW,,3.6,200
2024,05,15,03,30,0.7,0.1,10.0,0.7,4.4,S,SSW,,3.6,203
2024,05,15,03,00,0.8,0.1,12.5,0.8,4.4,SSE,SSW,,3.7,203
2024,05,15,02,30,0.8,0.1,12.5,0.8,4.3,SSE,SSW,,3.6,197
2024,05,15,02,00,0.8,0.1,12.5,0.8,4.3,SSE,SSW,,3.4,197
2024,05,15,01,30,0.8,0.1,13.3,0.8,3.9,SSE,SSW,VERY_STEEP,3.4,198
2024,05,15,01,00,0.8,0.1,12.5,0.8,4.1,SSE,SSW,VERY_STEEP,3.4,195
2024,05,15,00,30,1.0,0.1,12.5,0.9,4.3,SSE,SSW,VERY_STEEP,3.6,203
2024,05,15,00,00,1.0,0.1,12.5,1.0,4.5,SSE,SSW,VERY_STEEP,3.6,212
2024,05,14,23,30,1.1,0.1,12.5,1.1,4.5,S,SSW,VERY_STEEP,3.6,212
2024,05,14,23,00,1.0,0.1,13.3,1.0,4.0,SSE,SSW,VERY_STEEP,3.6,203
2024,05,14,22,30,1.0,0.1,13.3,1.0,4.5,SSE,SW,VERY_STEEP,3.6,217
2024,05,14,22,00,1.0,0.1,13.3,1.0,4.3,S,SW,VERY_STEEP,3.6,215
2024,05,14,21,30,0.9,0.1,13.3,0.9,4.3,S,SSW,VERY_STEEP,3.4,212
2024,05,14,21,00,0.8,0.1,12.5,0.8,4.3,SSE,SSW,VERY_STEEP,3.4,210
2024,05,14,20,30,0.7,0.1,13.3,0.7,3.9,SSE,SSW,,3.3,207
2024,05,14,20,00,0.7,0.1,13.3,0.7,3.9,S,SSW,,3.2,198
2024,05,14,19,30,0.7,0.1,13.3,0.7,4.0,SSE,SSW,,3.2,210
2024,05,14,19,00,0.7,0.1,13.3,0.7,4.3,SSE,SW,,3.2,219
2024,05,14,18,30,0.7,0.1,12.5,0.7,3.3,SSE,SSW,,3.1,210
2024,05,14,18,00,0.7,0.1,11.8,0.7,3.5,SSE,SSW,,3.0,200
2024,05,14,17,30,0.7,0.1,11.1,0.6,3.1,SSE,SSW,,3.0,225
2024,05,14,17,00,0.6,0.1,12.5,0.6,3.5,SSE,SSW,,2.9,198
2024,05,14,16,30,0.6,0.1,12.5,0.6,3.6,SSE,SSW,,3.0,213
2024,05,14,16,00,0.7,0.1,12.5,0.7,3.5,SSE,SSW,,3.0,209
2024,05,14,15,30,0.7,0.1,12.5,0.7,4.3,SSE,SSW,,3.0,211
2024,05,14,15,00,0.7,0.1,12.5,0.7,3.7,S,SW,,3.0,212
2024,05,14,14,30,0.7,0.1,11.8,0.7,3.3,S,SSW,,3.1,215
2024,05,14,14,00,0.7,0.1,12.5,0.7,3.5,SSE,SSW,,3.1,209
2024,05,14,13,30,0.6,0.1,12.5,0.6,3.3,SSE,SSW,,3.0,213
2024,05,14,13,00,0.6,0.1,12.5,0.6,3.6,SSE,SW,,3.1,209
2024,05,14,12,30,0.6,0.1,13.3,0.6,4.2,SSE,SW,,3.2,221
2024,05,14,12,00,0.6,0.1,12.5,0.6,3.6,SSE,SSW,,3.2,212
2024,05,14,11,30,0.6,0.1,13.3,0.5,3.5,SSE,SW,,3.3,220
2024,05,14,11,00,0.6,0.1,13.3,0.6,4.1,SSE,SW,,3.4,220
2024,05,14,10,30,0.6,0.2,13.3,0.6,4.0,S,SW,,3.3,225
2024,05,14,10,00,0.6,0.1,13.3,0.6,4.3,SSE,SW,,3.3,218
2024,05,14,09,30,0.6,0.1,13.3,0.6,3.6,SSE,SSW,,3.3,215
2024,05,14,09,00,0.6,0.1,13.3,0.6,4.3,SSE,SW,,3.3,217
2024,05,14,08,30,0.7,0.2,13.3,0.6,3.6,SSE,SW,,3.3,217
2024,05,14,08,00,0.7,0.1,12.5,0.7,3.6,SSE,SW,,3.4,217
2024,05,14,07,30,0.6,0.2,12.5,0.6,3.6,SSE,SW,,3.3,217
2024,05,14,07,00,0.6,0.1,12.5,0.6,3.6,SSE,SW,,3.4,217
2024,05,14,06,30,0.6,0.1,13.3,0.6,3.9,SSE,SW,,3.4,221
2024,05,14,06,00,0.6,0.1,13.3,0.6,4.0,SSE,SW,,3.4,225
2024,05,14,05,30,0.6,0.2,12.5,0.6,3.9,SSE,SW,,3.4,228
2024,05,14,05,00,0.6,0.2,12.5,0.6,4.0,SSE,SW,,3.3,231
2024,05,14,04,30,0.6,0.1,13.3,0.6,3.7,SSE,SW,,3.3,227
2024,05,14,04,00,0.7,0.2,12.5,0.7,3.9,SSE,SW,,3.2,229
2024,05,14,03,30,0.7,0.2,12.5,0.6,4.1,SSE,SW,,3.2,227
2024,05,14,03,00,0.7,0.2,13.3,0.7,3.9,S,SW,,3.4,230
2024,05,14,02,30,0.7,0.2,11.1,0.7,4.1,SSE,SW,,3.5,228
2024,05,14,02,00,0.7,0.1,13.3,0.7,4.4,SSE,SW,,3.5,228
2024,05,14,01,30,0.7,0.2,10.0,0.7,4.2,SE,SW,,3.5,228
2024,05,14,01,00,0.8,0.1,10.0,0.8,4.0,SE,SW,,3.4,230
2024,05,14,00,30,0.7,0.1,12.5,0.7,4.2,SSE,SW,,3.4,227
2024,05,14,00,00,0.7,0.1,12.5,0.7,3.9,SSE,SW,,3.3,228
2024,05,13,23,30,0.7,0.2,13.3,0.7,3.6,SSE,SW,,3.4,227
2024,05,13,23,00,0.7,0.2,13.3,0.7,3.9,SSE,SW,,3.4,224
2024,05,13,22,30,0.8,0.2,10.0,0.7,3.9,SSE,SW,,3.4,229
2024,05,13,22,00,0.8,0.2,10.0,0.8,4.1,SSE,SW,VERY_STEEP,3.4,222
2024,05,13,21,30,0.8,0.1,11.8,0.8,3.9,SSE,SW,VERY_STEEP,3.4,229
2024,05,13,21,00,0.8,0.2,10.5,0.8,3.7,SSE,SW,VERY_STEEP,3.4,227
2024,05,13,20,30,0.8,0.2,10.0,0.8,3.7,SSE,SW,,3.2,230
2024,05,13,20,00,0.7,0.2,10.0,0.7,3.7,SSE,SW,,3.2,227
2024,05,13,19,30,0.7,0.2,10.0,0.7,3.3,SSE,SW,,3.1,233
2024,05,13,19,00,0.7,0.2,13.3,0.7,3.0,SSE,WSW,,3.1,239
2024,05,13,18,30,0.7,0.2,10.0,0.6,8.3,SE,SSE,,3.1,162
2024,05,13,18,00,0.6,0.2,12.5,0.6,8.7,S,SSE,,3.1,163
2024,05,13,17,30,0.6,0.2,10.0,0.5,6.9,SE,S,,3.1,170
2024,05,13,17,00,0.6,0.2,13.3,0.6,8.0,S,SSE,,3.2,165
2024,05,13,16,30,0.6,0.2,13.3,0.6,7.7,S,SSE,,3.2,160
2024,05,13,16,00,0.6,0.2,14.3,0.5,8.0,S,SSE,,3.4,162
2024,05,13,15,30,0.6,0.2,10.0,0.5,7.7,SSE,SSE,,3.3,164
2024,05,13,15,00,0.6,0.2,12.5,0.5,7.4,SSE,S,,3.5,174
2024,05,13,14,30,0.6,0.2,13.3,0.5,7.7,SSE,SSE,,3.8,166
2024,05,13,14,00,0.6,0.2,13.3,0.5,8.3,SSE,SSE,,3.8,168
2024,05,13,13,30,0.6,0.2,10.0,0.6,7.4,SSE,SSE,,4.2,157
2024,05,13,13,00,0.7,0.2,10.0,0.6,4.0,SSE,SW,,4.2,233
2024,05,13,12,30,0.7,0.2,13.3,0.7,4.1,SSE,SW,,4.1,231
2024,05,13,12,00,0.8,0.2,13.3,0.7,4.2,SSE,SW,,4.2,230
2024,05,13,11,30,0.7,0.2,10.0,0.7,4.1,SSE,SW,,4.0,228
2024,05,13,11,00,0.7,0.2,10.0,0.7,4.3,SSE,SW,,4.0,226
2024,05,13,10,30,0.7,0.2,10.0,0.6,4.0,SSE,SW,,4.0,226
2024,05,13,10,00,0.7,0.2,10.0,0.6,9.5,SSE,SSE,,4.0,152
2024,05,13,09,30,0.7,0.2,10.0,0.6,8.0,SSE,SSE,,3.8,165
2024,05,13,09,00,0.7,0.2,14.3,0.7,9.1,SSE,SSE,,3.9,156
2024,05,13,08,30,0.7,0.2,10.5,0.7,8.3,SSE,SSE,,3.8,226
2024,05,13,08,00,0.7,0.2,10.5,0.6,3.7,SSE,SW,,3.6,227
2024,05,13,07,30,0.7,0.2,10.0,0.7,8.3,SSE,S,,3.6,171
2024,05,13,07,00,0.7,0.2,10.0,0.6,8.3,SSE,SSE,,3.5,163
2024,05,13,06,30,0.7,0.2,10.0,0.6,8.3,SSE,SSE,,3.5,167
2024,05,13,06,00,0.7,0.2,10.5,0.6,9.1,SSE,SSE,,3.7,158
2024,05,13,05,30,0.7,0.3,10.0,0.7,8.3,SSE,SSE,,3.6,164
2024,05,13,05,00,0.8,0.2,10.0,0.7,9.5,SSE,SE,,3.4,231
2024,05,13,04,30,0.8,0.2,10.5,0.8,3.3,SE,WSW,VERY_STEEP,3.3,242
2024,05,13,04,00,0.8,0.2,10.5,0.8,3.5,SSE,WSW,,3.4,243
2024,05,13,03,30,0.7,0.2,10.0,0.7,3.1,SSE,WSW,,3.5,240
2024,05,13,03,00,0.7,0.2,10.0,0.7,9.5,SSE,SSE,,3.5,155
2024,05,13,02,30,0.7,0.2,11.1,0.7,8.3,SSE,SSE,,3.5,162
2024,05,13,02,00,0.7,0.3,10.0,0.6,9.5,SSE,SSE,,3.7,151
2024,05,13,01,30,0.6,0.2,10.0,0.6,9.1,SSE,SSE,,3.7,152
2024,05,13,01,00,0.6,0.2,10.0,0.6,9.5,SSE,SSE,,3.8,149
2024,05,13,00,30,0.6,0.2,10.0,0.6,8.7,SSE,SSE,,3.9,152
2024,05,13,00,00,0.6,0.2,10.0,0.6,8.7,SSE,SSE,,4.0,148
2024,05,12,23,30,0.6,0.2,10.0,0.6,9.5,SE,SE,,4.0,145
2024,05,12,23,00,0.6,0.3,10.0,0.6,9.1,SE,SE,,4.0,139
2024,05,12,22,30,0.7,0.2,10.0,0.6,9.1,SE,SSE,,4.1,148
2024,05,12,22,00,0.6,0.2,10.0,0.6,9.5,SSE,SSE,,3.8,153
2024,05,12,21,30,0.6,0.2,10.0,0.6,9.5,SSE,SSE,,3.9,149
2024,05,12,21,00,0.7,0.3,10.0,0.6,9.5,SSE,SSE,,3.9,147
2024,05,12,20,30,0.6,0.2,10.5,0.6,9.5,SSE,SSE,,3.8,150
2024,05,12,20,00,0.6,0.3,10.0,0.6,9.5,SSE,SSE,,3.7,147
2024,05,12,19,30,0.7,0.3,10.0,0.6,9.5,SSE,SSE,,3.8,147
2024,05,12,19,00,0.7,0.3,10.0,0.6,9.5,SE,SE,,3.9,142
2024,05,12,18,30,0.6,0.3,10.0,0.6,9.5,SSE,SSE,,3.8,151
2024,05,12,18,00,0.6,0.3,10.0,0.6,9.5,SSE,SE,,3.9,148
2024,05,12,17,30,0.6,0.3,11.1,0.5,9.1,SSE,SSE,,3.8,149
2024,05,12,17,00,0.6,0.3,10.0,0.5,9.5,SE,SE,,3.9,144
2024,05,12,16,30,0.6,0.3,10.5,0.5,8.7,SSE,SSE,,3.9,152
2024,05,12,16,00,0.5,0.3,10.5,0.4,8.0,SSE,SSE,,4.2,149
2024,05,12,15,30,0.5,0.2,13.3,0.4,9.5,SSE,SSE,,4.9,149
2024,05,12,15,00,0.5,0.2,13.3,0.4,9.1,SSE,SSE,,4.9,163
2024,05,12,14,30,0.5,0.2,12.5,0.4,8.7,SSE,SSE,,4.7,158
2024,05,12,14,00,0.5,0.2,10.0,0.4,9.5,SSE,SSE,,5.0,154
2024,05,12,13,30,0.5,0.2,10.5,0.4,8.0,SSE,SSE,,5.0,158
2024,05,12,13,00,0.5,0.2,14.3,0.4,8.7,SSE,SSE,,5.2,159
2024,05,12,12,30,0.5,0.2,13.3,0.4,8.7,SSE,SSE,,5.3,163
2024,05,12,12,00,0.5,0.2,10.0,0.5,8.7,SE,SSE,,5.6,153
2024,05,12,11,30,0.5,0.2,14.3,0.5,8.0,SSE,SE,,5.5,145
2024,05,12,11,00,0.5,0.2,14.3,0.5,8.7,SSE,SSE,,5.7,149
2024,05,12,10,30,0.5,0.2,10.0,0.5,8.0,SE,SE,,5.8,140
2024,05,12,10,00,0.6,0.2,10.0,0.5,8.7,SSE,SE,,6.1,140
2024,05,12,09,30,0.7,0.2,10.0,0.6,8.3,SSE,SE,,6.5,142
2024,05,12,09,00,0.6,0.2,10.0,0.6,8.3,SE,SE,,6.3,141
2024,05,12,08,30,0.7,0.2,10.0,0.6,8.0,SE,SE,,6.2,142
2024,05,12,08,00,0.6,0.2,14.3,0.6,8.0,SSE,SE,,5.8,139
2024,05,12,07,30,0.6,0.2,14.3,0.5,8.7,SSE,SE,,5.7,146
2024,05,12,07,00,0.5,0.2,14.3,0.5,8.7,SSE,SSE,,5.4,156
2024,05,12,06,30,0.5,0.2,14.3,0.5,8.0,SSE,SSE,,5.2,147
2024,05,12,06,00,0.5,0.2,14.3,0.5,8.3,SSE,SE,,5.1,145
2024,05,12,05,30,0.5,0.2,14.3,0.5,8.3,SSE,SSE,,4.9,152
2024,05,12,05,00,0.5,0.2,14.3,0.5,8.0,SSE,SSE,,4.7,151
2024,05,12,04,30,0.5,0.2,14.3,0.5,8.7,SE,SSE,,4.1,159
2024,05,12,04,00,0.5,0.2,14.3,0.5,7.7,S,SE,,4.1,144
2024,05,12,03,30,0.6,0.2,14.3,0.5,8.0,SSE,SE,,3.8,145
2024,05,12,03,00,0.6,0.2,14.3,0.6,7.4,SE,SSE,,3.8,152
2024,05,12,02,30,0.6,0.2,14.3,0.6,3.3,SSE,NE,,3.7,48
2024,05,12,02,00,0.7,0.2,14.3,0.7,3.7,SE,ENE,,3.6,141
2024,05,12,01,30,0.7,0.2,14.3,0.7,3.6,SE,NE,,3.6,46
2024,05,12,01,00,0.8,0.2,14.3,0.8,3.7,SE,NE,,3.5,54
2024,05,12,00,30,0.8,0.2,14.3,0.8,3.6,SE,NE,,3.4,52
2024,05,12,00,00,0.8,0.2,14.3,0.8,3.6,SE,NE,VERY_STEEP,3.5,47
2024,05,11,23,30,0.8,0.2,14.3,0.8,3.5,SE,NE,,3.3,48
2024,05,11,23,00,0.8,0.2,14.3,0.8,3.6,SE,NE,VERY_STEEP,3.3,40
2024,05,11,22,30,0.8,0.2,14.3,0.8,3.3,SE,NE,,3.4,49
2024,05,11,22,00,0.8,0.2,14.3,0.8,7.1,SSE,SE,,3.3,137
2024,05,11,21,30,0.8,0.2,14.3,0.7,2.9,SE,ENE,,3.3,51
2024,05,11,21,00,0.8,0.2,14.3,0.8,3.2,SSE,NE,VERY_STEEP,3.3,48
2024,05,11,20,30,0.8,0.2,14.3,0.8,3.3,SSE,ENE,VERY_STEEP,3.4,64
2024,05,11,20,00,0.8,0.2,14.3,0.8,3.2,SSE,NE,VERY_STEEP,3.3,57
2024,05,11,19,30,0.9,0.2,15.4,0.8,3.2,SSE,NE,VERY_STEEP,3.5,55
2024,05,11,19,00,0.8,0.2,15.4,0.8,3.5,SSE,NE,VERY_STEEP,3.4,53
2024,05,11,18,30,0.8,0.2,15.4,0.8,3.6,SE,NE,VERY_STEEP,3.4,50
2024,05,11,18,00,0.8,0.2,15.4,0.8,3.5,SSE,NE,VERY_STEEP,3.4,44
2024,05,11,17,30,0.8,0.2,14.3,0.8,3.6,SSE,NE,VERY_STEEP,3.4,44
2024,05,11,17,00,0.9,0.2,14.3,0.9,3.7,SSE,NE,VERY_STEEP,3.5,47
2024,05,11,16,30,0.9,0.2,15.4,0.9,3.5,SSE,NE,VERY_STEEP,3.5,56
2024,05,11,16,00,0.9,0.2,15.4,0.9,3.7,SSE,NE,VERY_STEEP,3.6,41
2024,05,11,15,30,0.9,0.2,10.0,0.9,3.7,SSE,NE,VERY_STEEP,3.6,49
2024,05,11,15,00,0.8,0.2,14.3,0.8,3.7,SE,NE,VERY_STEEP,3.8,50
2024,05,11,14,30,0.8,0.2,14.3,0.8,3.6,SE,NE,VERY_STEEP,3.6,47
2024,05,11,14,00,0.8,0.2,14.3,0.8,3.6,SSE,NE,,3.5,46
2024,05,11,13,30,0.8,0.2,14.3,0.8,3.7,SE,NE,VERY_STEEP,3.5,44
2024,05,11,13,00,0.8,0.2,10.0,0.8,3.6,SSE,NE,VERY_STEEP,3.4,52
2024,05,11,12,30,0.8,0.2,14.3,0.8,3.6,SSE,NE,,3.4,41
2024,05,11,12,00,0.7,0.2,10.5,0.7,3.6,SSE,NE,,3.4,41
2024,05,11,11,30,0.7,0.2,14.3,0.7,3.5,SE,NE,,3.4,43
2024,05,11,11,00,0.7,0.2,10.0,0.7,3.2,S,NE,,3.2,39
2024,05,11,10,30,0.8,0.2,10.0,0.7,3.3,S,NE,,3.3,44
2024,05,11,10,00,0.7,0.2,15.4,0.7,3.1,SE,NE,,3.2,48
2024,05,11,09,30,0.7,0.2,15.4,0.7,3.0,SSE,NE,,3.1,42
2024,05,11,09,00,0.7,0.2,15.4,0.6,3.0,SE,NE,,3.1,52
2024,05,11,08,30,0.7,0.2,15.4,0.7,3.0,SSE,NE,,3.1,42
2024,05,11,08,00,0.7,0.2,15.4,0.7,2.8,SSE,NE,,3.1,47
2024,05,11,07,30,0.8,0.2,15.4,0.7,2.9,SSE,NE,,3.1,45
2024,05,11,07,00,0.7,0.2,11.1,0.7,2.9,S,NE,,3.1,52
2024,05,11,06,30,0.7,0.2,15.4,0.7,2.8,SSE,NE,,3.1,51
2024,05,11,06,00,0.7,0.2,15.4,0.7,2.9,SSE,ENE,,3.1,58
2024,05,11,05,30,0.7,0.2,15.4,0.6,3.1,SSE,NE,,3.1,147
2024,05,11,05,00,0.7,0.2,15.4,0.7,3.2,SE,NE,,3.2,51
2024,05,11,04,30,0.8,0.2,15.4,0.8,3.5,SSE,NE,,3.2,46
2024,05,11,04,00,0.8,0.2,15.4,0.8,3.6,SSE,NE,,3.3,47
2024,05,11,03,30,0.8,0.2,15.4,0.7,3.9,SSE,NE,,3.4,56
2024,05,11,03,00,0.7,0.2,15.4,0.7,3.7,SE,NE,,3.4,46
2024,05,11,02,30,0.8,0.2,15.4,0.7,3.9,SSE,NE,,3.4,53
2024,05,11,02,00,0.8,0.2,15.4,0.8,3.7,SE,NE,,3.5,55
2024,05,11,01,30,0.8,0.2,15.4,0.8,3.9,SE,NE,VERY_STEEP,3.5,52
2024,05,11,01,00,0.8,0.2,15.4,0.8,4.1,SE,NE,,3.4,40
2024,05,11,00,30,0.8,0.2,15.4,0.8,4.0,SE,NE,VERY_STEEP,3.4,50
2024,05,11,00,00,0.9,0.2,15.4,0.9,4.3,SE,NE,VERY_STEEP,3.5,55
2024,05,10,23,30,0.9,0.2,15.4,0.9,4.4,SE,ENE,VERY_STEEP,3.5,58
2024,05,10,23,00,1.0,0.2,15.4,1.0,4.3,SE,NE,VERY_STEEP,3.6,51
2024,05,10,22,30,1.0,0.2,15.4,1.0,4.3,SE,NE,VERY_STEEP,3.5,38
2024,05,10,22,00,1.0,0.2,15.4,1.0,4.3,SE,NE,VERY_STEEP,3.5,42
2024,05,10,21,30,0.9,0.2,15.4,0.9,4.2,SSE,NE,VERY_STEEP,3.2,48
2024,05,10,21,00,0.9,0.2,15.4,0.9,4.0,SE,NE,VERY_STEEP,3.3,47
2024,05,10,20,30,0.8,0.2,15.4,0.8,4.0,SE,ENE,VERY_STEEP,3.1,52
2024,05,10,20,00,0.8,0.2,15.4,0.8,3.6,SSE,NE,VERY_STEEP,3.1,51
2024,05,10,19,30,0.9,0.2,15.4,0.9,3.6,SE,NE,VERY_STEEP,3.2,53
2024,05,10,19,00,0.9,0.2,12.5,0.9,3.3,SSE,NE,VERY_STEEP,3.1,49
2024,05,10,18,30,0.9,0.2,15.4,0.9,3.6,SE,NE,VERY_STEEP,3.1,38
2024,05,10,18,00,0.9,0.2,16.7,0.8,3.7,SSE,ENE,VERY_STEEP,3.2,59
2024,05,10,17,30,0.8,0.2,16.7,0.8,3.1,SE,NE,VERY_STEEP,3.0,44
2024,05,10,17,00,0.8,0.2,16.7,0.8,3.0,SSE,NE,,3.1,48
2024,05,10,16,30,0.8,0.2,16.7,0.8,3.2,SE,ENE,,3.2,59
2024,05,10,16,00,0.8,0.2,16.7,0.8,3.5,SSE,ENE,VERY_STEEP,3.2,63
2024,05,10,15,30,0.9,0.2,16.7,0.9,3.6,SE,ENE,VERY_STEEP,3.4,62
2024,05,10,15,00,0.9,0.2,16.7,0.9,3.6,SE,NE,VERY_STEEP,3.5,62
2024,05,10,14,30,0.8,0.2,11.8,0.8,3.7,SE,NE,VERY_STEEP,3.4,51
2024,05,10,14,00,0.8,0.2,15.4,0.8,3.5,SE,NE,,3.4,36
2024,05,10,13,30,0.7,0.2,11.8,0.7,3.3,SE,NE,,3.4,43
2024,05,10,13,00,0.7,0.2,11.8,0.7,3.5,SSE,NE,,3.4,40
2024,05,10,12,30,0.7,0.2,11.8,0.7,3.3,SE,NE,,3.5,44
2024,05,10,12,00,0.7,0.2,12.5,0.7,3.3,SE,NE,,3.5,46
2024,05,10,11,30,0.7,0.2,12.5,0.7,8.0,SE,S,,3.6,182
2024,05,10,11,00,0.7,0.2,15.4,0.7,7.7,SE,S,,3.6,183
2024,05,10,10,30,0.7,0.2,12.5,0.7,8.3,SE,S,,3.5,186
2024,05,10,10,00,0.7,0.2,12.5,0.7,8.0,SE,SSW,,3.6,192
2024,05,10,09,30,0.7,0.2,12.5,0.7,7.7,SE,SSW,,3.7,192
2024,05,10,09,00,0.7,0.2,12.5,0.7,7.4,SE,S,,3.7,184
2024,05,10,08,30,0.7,0.2,12.5,0.7,7.4,SE,S,,3.5,182
2024,05,10,08,00,0.7,0.2,11.8,0.7,7.4,SSE,S,,3.5,187
2024,05,10,07,30,0.7,0.2,13.3,0.7,7.4,SSE,S,,3.4,181
2024,05,10,07,00,0.8,0.2,12.5,0.8,7.7,SSE,S,,3.5,188
2024,05,10,06,30,0.9,0.2,13.3,0.8,3.2,SSE,NE,VERY_STEEP,3.4,52
2024,05,10,06,00,0.9,0.2,16.7,0.9,8.3,SSE,S,VERY_STEEP,3.4,62
2024,05,10,05,30,0.8,0.2,10.0,0.8,7.7,SSE,S,AVERAGE,3.4,189
2024,05,10,05,00,0.8,0.2,13.3,0.8,8.0,SSE,S,AVERAGE,3.5,179
2024,05,10,04,30,0.9,0.2,11.8,0.8,8.0,SSE,S,AVERAGE,3.6,177
2024,05,10,04,00,0.8,0.2,11.1,0.8,3.0,SSE,ENE,VERY_STEEP,3.5,59
2024,05,10,03,30,0.9,0.2,12.5,0.9,8.0,SSE,S,AVERAGE,3.7,183
2024,05,10,03,00,0.8,0.2,12.5,0.8,5.6,SE,S,STEEP,3.8,182
2024,05,10,02,30,0.8,0.2,13.3,0.8,7.7,SSE,S,,4.4,178
2024,05,10,02,00,0.7,0.2,12.5,0.7,6.1,SE,S,,4.3,177
2024,05,10,01,30,0.8,0.2,12.5,0.7,6.5,SE,S,,4.4,175
2024,05,10,01,00,0.8,0.2,12.5,0.7,6.9,SSE,S,,4.5,182
2024,05,10,00,30,0.8,0.2,12.5,0.7,6.9,SSE,S,,4.3,184
2024,05,10,00,00,0.8,0.2,12.5,0.8,6.7,SE,S,AVERAGE,4.3,180
2024,05,09,23,30,0.8,0.2,13.3,0.8,7.1,SSE,S,AVERAGE,4.2,181
2024,05,09,23,00,0.8,0.2,12.5,0.8,6.9,SSE,S,AVERAGE,4.0,180
2024,05,09,22,30,0.8,0.2,13.3,0.8,6.9,SE,S,AVERAGE,4.0,183
2024,05,09,22,00,0.8,0.2,13.3,0.7,7.1,SE,S,,4.5,177
2024,05,09,21,30,0.7,0.2,12.5,0.7,7.4,SE,SSW,,5.2,193
2024,05,09,21,00,0.7,0.2,13.3,0.7,7.1,SE,S,,5.3,185
2024,05,09,20,30,0.7,0.2,10.0,0.7,7.4,SSE,SSW,,5.4,193
2024,05,09,20,00,0.7,0.2,11.8,0.7,6.9,SE,SSW,,5.4,192
2024,05,09,19,30,0.7,0.2,12.5,0.7,7.1,SE,S,,5.3,190
2024,05,09,19,00,0.8,0.2,13.3,0.7,7.7,SSE,SSW,,5.6,195
2024,05,09,18,30,0.7,0.2,13.3,0.7,7.4,SSE,S,,5.3,191
2024,05,09,18,00,0.8,0.2,10.0,0.7,7.7,SSE,S,,5.1,190
2024,05,09,17,30,0.8,0.2,13.3,0.7,5.4,SE,S,,4.8,187
2024,05,09,17,00,0.7,0.2,11.8,0.7,6.9,SSE,S,,4.4,179
2024,05,09,16,30,0.8,0.2,14.3,0.8,7.1,SE,S,,4.3,187
2024,05,09,16,00,0.8,0.2,11.1,0.8,4.9,SSE,S,VERY_STEEP,4.1,185
2024,05,09,15,30,0.8,0.2,10.0,0.8,6.7,SSE,S,AVERAGE,4.0,182
2024,05,09,15,00,0.8,0.2,11.8,0.8,5.0,SSE,S,STEEP,3.9,190
2024,05,09,14,30,0.8,0.2,11.1,0.8,5.0,SE,SSW,VERY_STEEP,4.2,199
2024,05,09,14,00,0.8,0.2,14.3,0.8,5.3,S,SSW,STEEP,4.0,194
2024,05,09,13,30,0.8,0.2,11.1,0.8,4.9,SSE,SSW,,4.1,197
2024,05,09,13,00,0.8,0.2,11.8,0.8,5.1,SSE,SSW,STEEP,4.3,196
2024,05,09,12,30,0.7,0.2,12.5,0.7,5.1,SSE,SSW,,4.5,194
2024,05,09,12,00,0.8,0.2,10.5,0.8,4.8,SSE,SSW,,4.8,194
2024,05,09,11,30,0.7,0.2,11.1,0.7,7.1,SSE,S,,4.8,186
2024,05,09,11,00,0.8,0.2,11.1,0.7,5.0,SSE,SSW,,4.9,195
2024,05,09,10,30,0.8,0.2,11.8,0.8,4.7,SSE,S,,4.9,188
2024,05,09,10,00,0.8,0.2,11.8,0.7,5.0,SSE,SSW,,4.9,203
2024,05,09,09,30,0.8,0.1,11.8,0.8,4.8,SSE,SSW,,4.9,195
2024,05,09,09,00,0.8,0.2,10.5,0.8,5.0,SSE,SSW,VERY_STEEP,5.0,207
2024,05,09,08,30,0.8,0.2,11.1,0.8,4.8,SE,S,VERY_STEEP,5.0,183
2024,05,09,08,00,0.8,0.2,10.5,0.8,4.9,SSE,S,VERY_STEEP,4.9,186
2024,05,09,07,30,0.9,0.2,10.5,0.8,5.4,SSE,SSW,STEEP,5.1,199
2024,05,09,07,00,0.9,0.2,11.1,0.9,5.1,SSE,SSW,VERY_STEEP,5.0,202
2024,05,09,06,30,0.9,0.2,10.5,0.9,5.3,SSE,SSW,STEEP,4.9,205
2024,05,09,06,00,0.9,0.2,11.1,0.9,5.4,SSE,SSW,STEEP,4.8,194
2024,05,09,05,30,1.0,0.2,10.0,1.0,5.3,SSE,SSW,STEEP,4.8,198
2024,05,09,05,00,0.9,0.2,10.0,0.9,5.1,SSE,SSW,VERY_STEEP,4.6,200
2024,05,09,04,30,0.8,0.2,10.0,0.8,5.1,SSE,S,STEEP,4.8,181
2024,05,09,04,00,1.0,0.2,11.1,0.9,5.3,SE,S,STEEP,5.0,179
2024,05,09,03,30,0.9,0.2,10.5,0.9,5.1,SSE,S,VERY_STEEP,4.9,183
2024,05,09,03,00,1.0,0.2,10.0,1.0,5.1,SSE,S,VERY_STEEP,4.9,187
2024,05,09,02,30,1.0,0.2,12.5,1.0,5.3,SSE,S,VERY_STEEP,5.0,182
2024,05,09,02,00,1.0,0.2,11.8,1.0,5.4,SSE,S,STEEP,5.0,186
2024,05,09,01,30,1.0,0.2,11.8,1.0,5.1,SSE,S,VERY_STEEP,4.8,188
2024,05,09,01,00,1.0,0.2,11.8,1.0,5.4,SSE,SSW,STEEP,4.8,198
2024,05,09,00,30,1.1,0.2,11.8,1.1,5.0,SSE,SSW,VERY_STEEP,4.8,198
2024,05,09,00,00,1.1,0.2,11.1,1.1,5.6,SSE,S,STEEP,4.6,191
2024,05,08,23,30,1.1,0.2,10.0,1.1,5.3,SSE,SSW,VERY_STEEP,4.6,193
2024,05,08,23,00,1.1,0.2,11.8,1.1,5.0,SSE,SSW,VERY_STEEP,4.4,194
2024,05,08,22,30,1.2,0.2,12.5,1.1,5.4,SSE,SSW,VERY_STEEP,4.3,200
2024,05,08,22,00,1.2,0.2,11.8,1.2,4.8,SSE,SSW,VERY_STEEP,4.3,201
2024,05,08,21,30,1.2,0.2,10.5,1.1,4.8,SSE,SSW,VERY_STEEP,4.2,200
2024,05,08,21,00,1.1,0.2,11.1,1.1,4.7,SSE,SSW,VERY_STEEP,4.1,200
2024,05,08,20,30,1.2,0.2,11.1,1.2,4.7,SSE,SSW,VERY_STEEP,4.2,200
2024,05,08,20,00,1.3,0.2,11.8,1.3,4.5,SSE,SSW,VERY_STEEP,4.2,197
2024,05,08,19,30,1.3,0.2,10.0,1.3,4.3,SSE,SSW,VERY_STEEP,4.2,200
2024,05,08,19,00,1.1,0.2,10.0,1.1,4.1,SSE,SSW,VERY_STEEP,4.1,194
2024,05,08,18,30,1.2,0.2,11.1,1.1,4.3,SSE,SSW,VERY_STEEP,4.2,193
2024,05,08,18,00,1.2,0.2,11.8,1.2,7.4,SSE,S,AVERAGE,4.5,185
2024,05,08,17,30,1.2,0.2,11.8,1.2,7.4,SSE,S,AVERAGE,4.5,187
2024,05,08,17,00,1.2,0.2,10.0,1.2,4.3,S,S,VERY_STEEP,4.5,189
2024,05,08,16,30,1.1,0.2,11.8,1.1,3.9,SSE,S,VERY_STEEP,4.2,187
2024,05,08,16,00,1.0,0.2,10.0,1.0,7.4,SSE,S,AVERAGE,4.5,185
2024,05,08,15,30,1.0,0.2,11.8,0.9,7.7,SSE,S,AVERAGE,4.4,180
2024,05,08,15,00,0.9,0.2,10.5,0.9,7.4,SSE,S,AVERAGE,4.6,182
2024,05,08,14,30,0.9,0.2,12.5,0.9,7.1,SSE,S,AVERAGE,4.2,177
2024,05,08,14,00,1.0,0.2,11.8,0.9,7.1,SSE,S,AVERAGE,4.3,171
2024,05,08,13,30,0.9,0.2,11.8,0.9,7.7,SSE,S,AVERAGE,4.4,171
2024,05,08,13,00,0.9,0.2,11.1,0.9,7.1,SSE,S,AVERAGE,4.9,177
2024,05,08,12,30,0.8,0.2,11.1,0.7,7.1,SSE,S,,4.7,171
2024,05,08,12,00,0.8,0.2,11.1,0.7,7.1,SSE,S,,4.8,178
2024,05,08,11,30,0.8,0.2,12.5,0.7,7.4,SSE,S,,4.9,169
2024,05,08,11,00,0.8,0.2,11.8,0.7,7.4,SSE,S,,5.3,179
2024,05,08,10,30,0.8,0.2,11.1,0.7,7.1,SSE,S,,5.7,181
2024,05,08,10,00,0.8,0.2,11.8,0.8,7.1,SSE,S,,5.6,188
2024,05,08,09,30,0.8,0.2,11.8,0.7,7.4,SSE,S,,5.4,173
2024,05,08,09,00,0.8,0.2,11.8,0.7,6.9,SSE,S,,5.2,180
2024,05,08,08,30,0.8,0.2,11.8,0.8,7.4,SSE,S,,5.3,184
2024,05,08,08,00,0.8,0.2,11.1,0.8,7.7,SSE,S,AVERAGE,5.6,178
2024,05,08,07,30,0.8,0.3,12.5,0.8,7.1,SE,S,AVERAGE,5.9,189
2024,05,08,07,00,0.9,0.3,12.5,0.8,6.9,SE,S,AVERAGE,5.8,182
2024,05,08,06,30,0.8,0.3,11.1,0.8,7.7,SSE,S,AVERAGE,5.7,183
2024,05,08,06,00,0.8,0.3,11.8,0.8,7.7,SSE,S,AVERAGE,5.8,189
2024,05,08,05,30,0.9,0.2,12.5,0.8,7.7,SSE,SSW,AVERAGE,5.9,195
2024,05,08,05,00,0.9,0.3,10.0,0.8,6.7,SSE,S,AVERAGE,5.9,179
2024,05,08,04,30,0.9,0.2,11.1,0.8,6.9,SSE,S,AVERAGE,5.8,183
2024,05,08,04,00,0.9,0.2,11.8,0.8,7.1,SSE,S,AVERAGE,5.9,179
2024,05,08,03,30,0.8,0.2,11.1,0.8,7.1,SSE,S,AVERAGE,5.9,176
2024,05,08,03,00,0.9,0.3,10.5,0.8,7.4,SSE,S,AVERAGE,6.1,179
2024,05,08,02,30,0.9,0.3,11.8,0.8,7.4,SE,S,AVERAGE,6.2,177
2024,05,08,02,00,0.8,0.3,12.5,0.8,7.1,SE,S,AVERAGE,6.0,178
2024,05,08,01,30,0.9,0.3,11.8,0.8,7.1,SSE,S,AVERAGE,6.0,173
2024,05,08,01,00,0.8,0.3,11.8,0.8,6.9,SSE,S,AVERAGE,5.9,176
2024,05,08,00,30,0.8,0.3,11.8,0.8,7.7,SSE,S,AVERAGE,5.8,170
2024,05,08,00,00,0.8,0.2,10.5,0.8,7.4,SSE,S,AVERAGE,5.5,169
2024,05,07,23,30,0.8,0.3,11.8,0.8,6.9,SSE,S,AVERAGE,5.5,171
2024,05,07,23,00,0.8,0.2,11.8,0.7,6.1,SSE,S,,5.3,177
2024,05,07,22,30,0.8,0.2,11.8,0.7,6.5,SSE,S,,5.2,171
2024,05,07,22,00,0.8,0.2,11.1,0.7,7.4,SSE,SSE,,5.0,164
2024,05,07,21,30,0.7,0.3,11.1,0.7,7.1,SSE,SSE,,4.9,167
2024,05,07,21,00,0.7,0.2,10.0,0.7,6.5,SSE,S,,4.7,170
2024,05,07,20,30,0.8,0.2,10.0,0.7,6.9,SSE,SSE,,4.7,163
2024,05,07,20,00,0.7,0.2,10.5,0.7,6.5,SSE,SSE,,4.6,166
2024,05,07,19,30,0.7,0.2,10.0,0.7,5.9,SSE,S,,4.8,183
2024,05,07,19,00,0.7,0.3,12.5,0.7,6.9,SE,SSE,,5.0,167
2024,05,07,18,30,0.7,0.2,10.5,0.6,6.1,SSE,S,,5.4,181
2024,05,07,18,00,0.7,0.2,10.0,0.6,5.7,SSE,S,,5.5,183
2024,05,07,17,30,0.7,0.2,11.1,0.6,5.6,SSE,S,,5.5,185
2024,05,07,17,00,0.6,0.2,11.8,0.6,5.7,SSE,S,,5.3,187
2024,05,07,16,30,0.6,0.2,11.8,0.6,9.1,SSE,SSE,,5.3,152
2024,05,07,16,00,0.6,0.2,11.8,0.6,5.9,SSE,S,,4.9,186
2024,05,07,15,30,0.6,0.2,11.8,0.5,5.7,SSE,SSW,,4.7,194
2024,05,07,15,00,0.5,0.3,10.0,0.5,6.5,SSE,S,,5.0,150
2024,05,07,14,30,0.5,0.2,11.8,0.4,9.5,SSE,SSE,,4.8,147
2024,05,07,14,00,0.5,0.2,12.5,0.4,9.5,SE,SSE,,5.1,144
2024,05,07,13,30,0.5,0.2,11.8,0.4,9.5,SSE,SSE,,5.7,150
2024,05,07,13,00,0.5,0.2,11.8,0.4,9.1,SSE,SSE,,5.4,155
2024,05,07,12,30,0.5,0.2,10.5,0.4,9.5,SE,SSE,,5.4,143
2024,05,07,12,00,0.5,0.2,11.1,0.4,7.1,SE,SSE,,5.1,146
2024,05,07,11,30,0.5,0.2,11.8,0.4,9.1,SSE,SSE,,4.9,147
2024,05,07,11,00,0.5,0.2,11.1,0.4,9.5,SSE,SSE,,5.0,151
2024,05,07,10,30,0.5,0.2,10.5,0.4,7.4,SSE,SSE,,4.6,160
2024,05,07,10,00,0.5,0.2,10.5,0.4,8.7,SSE,SSE,,4.7,161
2024,05,07,09,30,0.5,0.2,10.5,0.4,8.7,SSE,SSE,,4.4,167
2024,05,07,09,00,0.5,0.2,11.1,0.4,8.3,SSE,SSE,,4.4,153
2024,05,07,08,30,0.5,0.2,11.1,0.4,8.7,SSE,SSE,,4.4,153
2024,05,07,08,00,0.5,0.2,10.0,0.5,4.1,SSE,S,,4.4,157
2024,05,07,07,30,0.5,0.2,10.5,0.5,4.3,SSE,S,,4.3,187
2024,05,07,07,00,0.6,0.2,10.0,0.5,4.3,SSE,S,,4.4,182
2024,05,07,06,30,0.5,0.2,11.1,0.5,4.2,SSE,SSW,,4.4,199
2024,05,07,06,00,0.6,0.2,11.1,0.5,4.2,SSE,SSW,,4.5,147
2024,05,07,05,30,0.6,0.2,10.0,0.5,9.1,SSE,SSE,,4.5,152
2024,05,07,05,00,0.6,0.2,11.1,0.5,9.1,SE,SSE,,4.4,151
2024,05,07,04,30,0.6,0.2,10.0,0.6,4.5,SSE,S,,4.1,187
2024,05,07,04,00,0.6,0.2,10.0,0.5,9.5,SSE,SSE,,4.2,151
2024,05,07,03,30,0.6,0.2,10.0,0.6,4.3,SSE,SSW,,4.0,193
2024,05,07,03,00,0.6,0.2,10.5,0.6,4.3,SSE,S,,4.1,177
2024,05,07,02,30,0.7,0.2,10.5,0.6,4.3,SE,S,,3.9,184
2024,05,07,02,00,0.7,0.2,11.1,0.6,4.3,SE,S,,4.0,177
2024,05,07,01,30,0.7,0.2,11.1,0.6,4.3,SSE,S,,4.0,182
2024,05,07,01,00,0.7,0.2,10.0,0.6,4.2,SSE,S,,4.0,188
2024,05,07,00,30,0.7,0.2,10.0,0.6,4.2,SSE,S,,3.7,180
2024,05,07,00,00,0.7,0.2,11.8,0.6,4.2,SE,S,,3.5,176
2024,05,06,23,30,0.7,0.2,10.5,0.7,4.3,SSE,S,,3.4,179
2024,05,06,23,00,0.7,0.2,10.0,0.7,4.3,SSE,S,,3.2,184
2024,05,06,22,30,0.7,0.2,11.8,0.7,4.0,SE,S,,3.2,180
2024,05,06,22,00,0.7,0.2,10.0,0.7,4.0,SSE,S,,3.2,186
2024,05,06,21,30,0.7,0.2,10.5,0.6,4.3,SSE,S,,3.2,180
2024,05,06,21,00,0.7,0.2,10.5,0.7,4.3,SSE,S,,3.5,177
2024,05,06,20,30,0.6,0.2,10.5,0.6,4.3,SSE,S,,3.7,177
2024,05,06,20,00,0.6,0.2,11.1,0.6,4.2,SSE,S,,3.7,174
2024,05,06,19,30,0.6,0.2,10.5,0.6,4.1,SSE,S,,3.8,177
2024,05,06,19,00,0.6,0.2,10.0,0.6,4.1,SSE,S,,3.9,171
2024,05,06,18,30,0.6,0.2,11.8,0.6,4.5,SSE,S,,4.1,176
2024,05,06,18,00,0.6,0.2,10.0,0.6,4.0,SSE,S,,4.1,176
2024,05,06,17,30,0.6,0.2,10.0,0.6,4.3,SE,S,,4.1,181
2024,05,06,17,00,0.6,0.2,11.1,0.5,4.4,SE,S,,4.1,179
2024,05,06,16,30,0.6,0.2,10.0,0.6,4.1,SSE,S,,4.1,172
2024,05,06,16,00,0.6,0.2,11.1,0.5,4.0,SE,S,,4.2,172
2024,05,06,15,30,0.6,0.2,10.0,0.6,4.1,SE,S,,4.2,176
2024,05,06,15,00,0.6,0.2,10.0,0.6,4.3,SSE,SSE,,4.2,165
2024,05,06,14,30,0.6,0.2,11.1,0.6,4.2,SE,S,,4.0,181
2024,05,06,14,00,0.6,0.2,11.8,0.6,4.1,SSE,S,,3.9,174
2024,05,06,13,30,0.6,0.2,10.0,0.6,3.9,SSE,S,,3.8,186
2024,05,06,13,00,0.6,0.1,11.8,0.6,4.0,SSE,S,,3.5,174
2024,05,06,12,30,0.6,0.2,11.1,0.6,4.1,SE,SSE,,3.5,167
2024,05,06,12,00,0.6,0.2,11.1,0.6,4.1,SSE,SSE,,3.8,149
2024,05,06,11,30,0.6,0.1,11.1,0.6,4.3,SSE,SSE,,3.6,153
2024,05,06,11,00,0.6,0.2,11.8,0.6,4.2,SSE,SSE,,3.7,154
2024,05,06,10,30,0.7,0.1,11.8,0.7,4.1,SSE,SSE,,3.6,158
2024,05,06,10,00,0.7,0.1,10.0,0.7,4.0,SSE,SSE,,3.5,150
2024,05,06,09,30,0.7,0.1,10.5,0.7,4.3,SSE,SE,,3.5,145
2024,05,06,09,00,0.7,0.1,11.1,0.7,4.3,SSE,SE,,3.5,143
2024,05,06,08,30,0.8,0.1,10.0,0.8,4.2,SSE,SSE,,3.4,158
2024,05,06,08,00,0.8,0.2,10.5,0.8,4.3,SSE,SSE,VERY_STEEP,3.4,150
2024,05,06,07,30,0.9,0.1,11.8,0.9,4.2,SSE,SSE,VERY_STEEP,3.3,148
2024,05,06,07,00,0.9,0.1,11.8,0.9,4.3,SSE,SSE,VERY_STEEP,3.4,154
2024,05,06,06,30,1.0,0.1,10.0,0.9,4.1,SSE,SSE,VERY_STEEP,3.5,152
2024,05,06,06,00,0.9,0.1,10.0,0.9,4.3,SSE,SE,VERY_STEEP,3.5,144
2024,05,06,05,30,0.9,0.1,11.1,0.9,4.2,SSE,SE,VERY_STEEP,3.5,145
2024,05,06,05,00,0.9,0.1,11.8,0.9,4.3,SSE,SE,VERY_STEEP,3.5,146
2024,05,06,04,30,0.8,0.1,10.0,0.8,4.3,SSE,SSE,VERY_STEEP,3.5,148
2024,05,06,04,00,0.8,0.1,10.0,0.8,4.3,SSE,SE,VERY_STEEP,3.5,140
2024,05,06,03,30,0.9,0.1,11.1,0.9,4.2,SSE,SE,VERY_STEEP,3.5,139
2024,05,06,03,00,0.8,0.1,10.0,0.8,4.3,SSE,SSE,VERY_STEEP,3.6,147
2024,05,06,02,30,0.9,0.1,10.0,0.9,4.0,SSE,SE,VERY_STEEP,3.6,147
2024,05,06,02,00,0.8,0.1,10.5,0.8,3.7,SE,SE,,3.5,136
2024,05,06,01,30,0.8,0.2,10.0,0.8,3.9,SSE,SSE,VERY_STEEP,3.5,142
2024,05,06,01,00,0.7,0.2,10.0,0.7,3.7,SSE,SSE,,3.4,141
2024,05,06,00,30,0.7,0.1,12.5,0.7,3.6,SE,SSE,,3.4,149
2024,05,06,00,00,0.7,0.1,12.5,0.7,3.6,SE,SSE,,3.2,149
2024,05,05,23,30,0.7,0.1,10.5,0.7,3.5,SE,SSE,,3.1,142
2024,05,05,23,00,0.6,0.2,11.8,0.6,3.1,SSE,SSE,,3.1,147
2024,05,05,22,30,0.6,0.1,10.0,0.6,3.2,SSE,SE,,3.0,148
2024,05,05,22,00,0.6,0.1,12.5,0.6,3.0,SSE,SE,,2.8,145
2024,05,05,21,30,0.6,0.1,10.0,0.6,3.5,SSE,SE,,2.9,149
2024,05,05,21,00,0.6,0.1,10.0,0.6,3.5,SSE,SE,,2.9,140
2024,05,05,20,30,0.6,0.1,12.5,0.6,3.7,SSE,SE,,2.9,143
2024,05,05,20,00,0.6,0.1,12.5,0.6,3.6,SSE,SSE,,3.0,150
2024,05,05,19,30,0.6,0.1,10.0,0.6,3.3,SSE,SE,,2.9,146
2024,05,05,19,00,0.6,0.1,10.0,0.6,3.5,SE,SE,,3.0,139
2024,05,05,18,30,0.6,0.1,12.5,0.6,3.5,SSE,SE,,3.0,136
2024,05,05,18,00,0.6,0.1,12.5,0.6,3.9,SE,SE,,3.1,141
2024,05,05,17,30,0.6,0.1,10.0,0.6,3.5,SSE,SE,,3.1,146
2024,05,05,17,00,0.6,0.1,10.0,0.6,3.6,SSE,SE,,3.0,134
2024,05,05,16,30,0.6,0.1,10.0,0.6,3.7,SSE,SSE,,3.1,128
2024,05,05,16,00,0.7,0.1,10.5,0.7,3.5,SSE,SE,,3.1,129
2024,05,05,15,30,0.7,0.1,11.1,0.7,3.5,SSE,SE,,3.2,131
2024,05,05,15,00,0.7,0.1,11.1,0.7,3.9,SE,SE,,3.1,133
2024,05,05,14,30,0.7,0.1,10.0,0.6,3.0,SSE,SE,,3.3,128
2024,05,05,14,00,0.7,0.1,10.0,0.6,3.2,SSE,SE,,3.2,119
2024,05,05,13,30,0.6,0.1,11.1,0.6,3.3,SSE,SE,,3.2,134
2024,05,05,13,00,0.6,0.1,10.0,0.6,3.1,SSE,SE,,3.2,127
2024,05,05,12,30,0.6,0.1,10.0,0.6,7.7,SSE,SSE,,3.2,158
2024,05,05,12,00,0.6,0.1,10.0,0.6,2.9,SSE,ESE,,3.1,115
2024,05,05,11,30,0.6,0.1,10.0,0.6,8.0,SSE,SSE,,3.1,152
2024,05,05,11,00,0.5,0.1,10.5,0.5,2.6,SSE,E,,3.1,96
2024,05,05,10,30,0.5,0.1,11.1,0.5,8.3,SE,SE,,3.1,144
2024,05,05,10,00,0.5,0.1,10.0,0.5,7.7,SE,SSE,,3.1,154
2024,05,05,09,30,0.4,0.1,10.0,0.4,7.7,SSE,SSE,,3.1,156
2024,05,05,09,00,0.5,0.1,10.0,0.4,8.0,SSE,SSE,,3.2,156
2024,05,05,08,30,0.4,0.1,11.1,0.4,8.0,SE,SSE,,3.1,158
2024,05,05,08,00,0.4,0.1,10.5,0.4,8.0,SSE,SSE,,3.1,157
2024,05,05,07,30,0.4,0.1,10.0,0.4,8.7,SSE,SSE,,3.0,150
2024,05,05,07,00,0.4,0.1,11.1,0.4,8.0,SSE,SSE,,2.9,153
2024,05,05,06,30,0.4,0.1,11.1,0.4,9.1,SSE,SE,,2.9,146
2024,05,05,06,00,0.4,0.1,11.1,0.4,7.4,SSE,SE,,3.0,144
2024,05,05,05,30,0.4,0.1,11.1,0.4,7.7,SSE,SE,,3.2,146
2024,05,05,05,00,0.4,0.1,11.8,0.4,7.7,SSE,SSE,,2.9,148
2024,05,05,04,30,0.5,0.1,10.0,0.5,8.0,SSE,SE,,2.7,84
2024,05,05,04,00,0.5,0.1,11.1,0.5,7.7,SSE,SSE,,2.9,153
2024,05,05,03,30,0.6,0.1,11.1,0.6,8.0,SSE,SSE,,2.9,150
2024,05,05,03,00,0.6,0.1,10.0,0.6,7.7,SE,SSE,,3.0,55
2024,05,05,02,30,0.6,0.1,11.8,0.6,2.8,S,ENE,,3.0,61
2024,05,05,02,00,0.6,0.1,10.5,0.6,2.9,SE,NE,,2.9,53
2024,05,05,01,30,0.6,0.1,10.0,0.6,2.9,SSE,NE,,2.9,56
2024,05,05,01,00,0.7,0.1,10.0,0.6,3.0,SSE,NE,,2.9,53
2024,05,05,00,30,0.6,0.1,10.0,0.6,3.1,SE,ENE,,3.0,63
2024,05,05,00,00,0.7,0.1,10.0,0.7,3.3,SE,NE,,3.0,52
2024,05,04,23,30,0.8,0.1,10.0,0.8,3.6,SE,NE,,3.2,55
2024,05,04,23,00,0.8,0.1,10.0,0.8,3.6,SE,NE,VERY_STEEP,3.2,50
2024,05,04,22,30,0.8,0.1,11.1,0.8,3.7,S,NE,VERY_STEEP,3.2,50
2024,05,04,22,00,0.8,0.1,10.5,0.8,3.7,SE,ENE,,3.2,61
2024,05,04,21,30,0.7,0.1,10.0,0.7,3.7,ESE,NE,,3.1,53
2024,05,04,21,00,0.8,0.1,11.8,0.8,3.9,SE,NE,,3.2,44
2024,05,04,20,30,0.8,0.1,11.1,0.8,3.9,SSE,NE,,3.2,47
2024,05,04,20,00,0.8,0.1,11.8,0.8,4.0,SE,NE,,3.2,45
2024,05,04,19,30,0.8,0.1,11.1,0.8,3.9,SSE,NE,,3.1,45
2024,05,04,19,00,0.7,0.1,11.8,0.7,3.5,SSE,NE,,3.0,43
2024,05,04,18,30,0.6,0.1,11.1,0.6,3.5,S,NE,,2.8,45
2024,05,04,18,00,0.6,0.1,11.8,0.5,3.2,SE,NE,,2.8,37
2024,05,04,17,30,0.5,0.1,11.8,0.5,3.5,SE,NE,,2.8,35
2024,05,04,17,00,0.5,0.1,11.8,0.5,3.2,SSE,NE,,2.7,35
2024,05,04,16,30,0.5,0.1,10.5,0.5,3.2,SSE,NE,,2.6,46
2024,05,04,16,00,0.5,0.1,11.8,0.5,2.9,SE,NE,,2.5,39
2024,05,04,15,30,0.5,0.1,10.5,0.5,2.8,SSE,NE,,2.5,42
2024,05,04,15,00,0.5,0.1,12.5,0.5,2.7,SSE,NE,,2.5,48
2024,05,04,14,30,0.5,0.1,11.8,0.5,2.6,SSE,NE,,2.6,43
2024,05,04,14,00,0.5,0.1,11.8,0.5,2.6,S,NE,,2.5,40
2024,05,04,13,30,0.5,0.1,12.5,0.5,2.5,SSE,NE,,2.5,45
2024,05,04,13,00,0.5,0.1,12.5,0.4,2.5,SE,NE,,2.5,49
2024,05,04,12,30,0.5,0.1,12.5,0.4,2.4,SSE,NE,,2.6,45
2024,05,04,12,00,0.4,0.1,11.8,0.4,2.3,S,NE,,2.6,45
2024,05,04,11,30,0.4,0.1,11.8,0.4,2.1,SSE,NE,,2.6,47
2024,05,04,11,00,0.3,0.1,11.8,0.3,8.7,SSE,SSE,,3.1,148
2024,05,04,10,30,0.3,0.1,11.8,0.3,8.3,SSE,SSE,,3.7,148
2024,05,04,10,00,0.3,0.1,11.8,0.3,8.7,SSE,SSE,,4.4,156
2024,05,04,09,30,0.3,0.1,11.8,0.2,8.3,SSE,SSE,,4.7,162
2024,05,04,09,00,0.3,0.1,11.8,0.2,6.1,SSE,SSE,,5.4,167
2024,05,04,08,30,0.2,0.1,11.8,0.2,6.2,SSE,SSE,,5.6,-99
2024,05,04,08,00,0.2,0.1,11.8,0.2,6.2,SSE,SSE,,5.4,-99
2024,05,04,07,30,0.2,0.1,11.8,0.2,6.5,SSE,SSE,,5.3,168
2024,05,04,07,00,0.2,0.1,11.8,0.2,5.4,S,SSE,,4.9,-99
2024,05,04,06,30,0.2,0.1,11.1,0.2,9.1,SSE,SSE,,4.8,156
2024,05,04,06,00,0.3,0.1,11.8,0.2,4.9,SSE,SE,,4.9,163
2024,05,04,05,30,0.3,0.1,11.8,0.2,8.7,SSE,SSE,,4.8,162
2024,05,04,05,00,0.3,0.1,11.8,0.2,5.0,SSE,SSE,,4.6,158
2024,05,04,04,30,0.3,0.1,11.8,0.2,5.9,SSE,SE,,4.4,167
2024,05,04,04,00,0.3,0.1,11.8,0.2,8.3,SSE,SSE,,4.2,152
2024,05,04,03,30,0.3,0.1,11.8,0.3,8.7,SSE,SSE,,3.9,150
2024,05,04,03,00,0.3,0.1,12.5,0.3,8.7,S,SSE,,3.9,155
2024,05,04,02,30,0.4,0.1,11.8,0.3,5.3,SSE,SSE,,3.7,129
2024,05,04,02,00,0.4,0.1,11.8,0.4,3.9,SSE,SE,,3.5,127
2024,05,04,01,30,0.4,0.1,11.8,0.4,4.5,SSE,SE,,3.5,140
2024,05,04,01,00,0.4,0.1,12.5,0.4,5.3,SSE,SSE,,3.3,161
2024,05,04,00,30,0.4,0.1,12.5,0.4,2.9,SSE,NE,,3.0,55
2024,05,04,00,00,0.5,0.1,12.5,0.5,2.9,SSE,ENE,,3.0,57
2024,05,03,23,30,0.5,0.1,11.8,0.5,3.0,SSE,ENE,,2.9,52
2024,05,03,23,00,0.6,0.1,11.1,0.6,3.5,SSE,NE,,2.9,52
2024,05,03,22,30,0.7,0.1,12.5,0.6,3.1,SSE,ENE,,3.0,60
2024,05,03,22,00,0.7,0.1,11.8,0.6,3.5,SE,ENE,,3.0,65
2024,05,03,21,30,0.7,0.1,12.5,0.7,3.6,SSE,NE,,3.0,51
2024,05,03,21,00,0.6,0.1,12.5,0.6,3.7,SE,NE,,3.0,46
2024,05,03,20,30,0.6,0.1,11.8,0.6,3.9,SSE,NE,,3.1,41
2024,05,03,20,00,0.6,0.1,12.5,0.6,3.7,SE,NE,,3.1,43
2024,05,03,19,30,0.6,0.1,11.8,0.6,3.9,SE,NE,,3.1,44
2024,05,03,19,00,0.6,0.1,12.5,0.6,3.9,SSE,NE,,3.0,43
2024,05,03,18,30,0.6,0.1,11.8,0.6,3.6,SE,NE,,3.0,48
2024,05,03,18,00,0.6,0.1,12.5,0.6,3.5,SE,NE,,3.0,44
2024,05,03,17,30,0.6,0.1,11.8,0.6,3.2,SE,NE,,3.0,39
2024,05,03,17,00,0.5,0.1,11.8,0.5,3.1,SE,NE,,2.9,37
2024,05,03,16,30,0.5,0.1,11.8,0.5,3.3,SE,NE,,3.0,37
2024,05,03,16,00,0.5,0.1,11.8,0.5,3.5,SSE,NE,,2.9,37
2024,05,03,15,30,0.6,0.1,12.5,0.5,3.5,SSE,NE,,2.8,38
2024,05,03,15,00,0.6,0.1,12.5,0.6,3.3,S,NE,,2.9,41
2024,05,03,14,30,0.6,0.1,11.8,0.6,3.2,SSE,NE,,2.8,36
2024,05,03,14,00,0.6,0.1,11.1,0.6,2.9,S,NE,,2.8,46
2024,05,03,13,30,0.7,0.1,11.8,0.7,3.5,S,NE,,2.9,47
2024,05,03,13,00,0.7,0.1,11.1,0.7,3.9,SE,NE,,2.9,51
2024,05,03,12,30,0.7,0.1,12.5,0.7,3.9,SSE,NE,,3.0,44
2024,05,03,12,00,0.8,0.1,12.5,0.8,3.9,SE,NE,VERY_STEEP,3.0,46
2024,05,03,11,30,0.8,0.1,12.5,0.8,4.0,SSE,NE,VERY_STEEP,3.1,49
2024,05,03,11,00,0.9,0.1,12.5,0.9,4.0,S,NE,VERY_STEEP,3.1,45
2024,05,03,10,30,0.9,0.1,12.5,0.8,4.0,ESE,NE,VERY_STEEP,3.2,56
2024,05,03,10,00,0.9,0.1,11.8,0.9,4.0,SSE,ENE,VERY_STEEP,3.3,63
2024,05,03,09,30,1.0,0.1,12.5,1.0,3.7,SE,ENE,VERY_STEEP,3.3,61
2024,05,03,09,00,1.0,0.1,12.5,1.0,4.0,S,NE,VERY_STEEP,3.4,54
2024,05,03,08,30,1.0,0.1,12.5,1.0,4.3,SSE,NE,VERY_STEEP,3.4,51
2024,05,03,08,00,1.0,0.1,11.1,1.0,4.1,SSE,NE,VERY_STEEP,3.5,43
2024,05,03,07,30,1.0,0.1,12.5,1.0,4.4,SE,NE,VERY_STEEP,3.5,40
2024,05,03,07,00,0.9,0.1,11.8,0.9,4.3,SE,NE,VERY_STEEP,3.5,43
2024,05,03,06,30,1.0,0.1,11.8,1.0,4.7,SE,NE,VERY_STEEP,3.6,43
2024,05,03,06,00,0.9,0.1,11.8,0.9,4.7,SE,NE,VERY_STEEP,3.5,38
2024,05,03,05,30,1.0,0.1,12.5,0.9,4.3,ESE,NE,VERY_STEEP,3.5,42
2024,05,03,05,00,1.0,0.1,10.5,0.9,3.9,ESE,NE,VERY_STEEP,3.5,38
2024,05,03,04,30,0.8,0.1,12.5,0.8,3.7,SSE,NE,VERY_STEEP,3.3,39
2024,05,03,04,00,0.8,0.1,12.5,0.8,3.6,S,NE,VERY_STEEP,3.2,36
2024,05,03,03,30,0.8,0.1,12.5,0.8,3.5,SSE,NE,VERY_STEEP,3.1,41
2024,05,03,03,00,0.7,0.1,10.0,0.7,4.8,SSE,SSW,,3.2,208
2024,05,03,02,30,0.7,0.1,12.5,0.7,4.7,S,SSW,,3.4,194
2024,05,03,02,00,0.7,0.1,12.5,0.7,5.1,SSE,SSW,,3.3,200
2024,05,03,01,30,0.7,0.1,11.1,0.7,4.8,SE,SSW,,3.2,201
2024,05,03,01,00,0.7,0.1,12.5,0.7,4.7,SSE,SSW,,3.7,192
2024,05,03,00,30,0.7,0.1,12.5,0.7,4.5,S,SSW,,4.1,197
2024,05,03,00,00,0.8,0.1,12.5,0.8,4.2,SSE,S,,4.1,185
2024,05,02,23,30,0.8,0.1,12.5,0.7,4.3,SSE,S,,4.1,181
2024,05,02,23,00,0.8,0.1,13.3,0.8,4.4,S,S,,3.9,188
2024,05,02,22,30,0.8,0.1,10.0,0.8,4.3,SSE,SSW,,3.9,193
2024,05,02,22,00,0.8,0.1,12.5,0.8,4.3,SSE,S,,3.9,191
2024,05,02,21,30,0.8,0.1,12.5,0.8,4.3,SSE,SSW,VERY_STEEP,3.8,193
2024,05,02,21,00,0.9,0.1,12.5,0.8,4.2,SSE,SSW,VERY_STEEP,3.7,202
2024,05,02,20,30,0.9,0.1,12.5,0.9,4.3,S,SSW,VERY_STEEP,3.7,201
2024,05,02,20,00,0.9,0.1,12.5,0.9,4.1,S,SSW,VERY_STEEP,3.7,201
2024,05,02,19,30,0.9,0.1,12.5,0.9,4.1,S,SSW,VERY_STEEP,3.8,200
2024,05,02,19,00,0.9,0.1,12.5,0.9,3.9,SSE,SSW,VERY_STEEP,3.6,203
2024,05,02,18,30,1.0,0.1,12.5,0.9,4.2,S,SSW,VERY_STEEP,3.7,202
2024,05,02,18,00,1.0,0.1,10.0,1.0,4.2,S,SSW,VERY_STEEP,3.7,196
2024,05,02,17,30,0.9,0.1,11.8,0.9,4.0,S,SSW,VERY_STEEP,3.7,201
2024,05,02,17,00,0.9,0.1,12.5,0.9,4.0,SSE,SSW,VERY_STEEP,3.7,202
2024,05,02,16,30,0.9,0.1,12.5,0.9,7.7,S,S,VERY_STEEP,3.7,209
2024,05,02,16,00,0.9,0.1,12.5,0.9,3.7,SSE,SW,VERY_STEEP,3.6,206
2024,05,02,15,30,0.9,0.1,11.8,0.9,7.7,SSE,S,AVERAGE,3.7,184
2024,05,02,15,00,0.9,0.1,12.5,0.9,3.1,SSE,SSW,VERY_STEEP,3.8,192
2024,05,02,14,30,0.8,0.1,12.5,0.8,8.0,SSE,S,AVERAGE,3.8,182
2024,05,02,14,00,0.8,0.1,12.5,0.8,8.3,SSE,S,AVERAGE,3.9,183
2024,05,02,13,30,0.8,0.1,11.8,0.8,6.2,SSE,SSW,,3.9,198
2024,05,02,13,00,0.7,0.1,12.5,0.7,6.1,SSE,SSW,,3.9,195
2024,05,02,12,30,0.7,0.1,12.5,0.7,6.2,S,SSW,,4.2,195
2024,05,02,12,00,0.7,0.1,13.3,0.7,8.3,SSE,S,,4.3,186
2024,05,02,11,30,0.7,0.1,12.5,0.7,6.7,SSE,SSW,,4.5,201
2024,05,02,11,00,0.6,0.1,13.3,0.6,6.2,SSE,S,,4.5,188
2024,05,02,10,30,0.7,0.1,13.3,0.6,6.9,SSE,S,,4.8,189
2024,05,02,10,00,0.6,0.1,13.3,0.6,6.5,S,SSW,,5.0,196
2024,05,02,09,30,0.6,0.1,13.3,0.6,6.7,SSE,SSW,,5.1,195
2024,05,02,09,00,0.6,0.1,12.5,0.6,6.7,S,SSW,,5.4,198
2024,05,02,08,30,0.6,0.1,13.3,0.6,6.5,SSE,SSW,,5.6,195
2024,05,02,08,00,0.6,0.1,13.3,0.6,6.9,SSE,SSW,,5.8,200
2024,05,02,07,30,0.7,0.1,10.0,0.7,6.9,SSE,SSW,,6.1,196
2024,05,02,07,00,0.7,0.1,10.0,0.6,6.9,SSE,SSW,,6.0,192
2024,05,02,06,30,0.7,0.1,13.3,0.6,6.9,S,SSW,,6.1,192
2024,05,02,06,00,0.6,0.1,10.5,0.6,6.5,SSE,SSW,,5.9,198
2024,05,02,05,30,0.6,0.1,12.5,0.6,6.9,S,SSW,,5.8,194
2024,05,02,05,00,0.6,0.1,12.5,0.6,6.9,SSE,S,,5.7,187
2024,05,02,04,30,0.6,0.1,13.3,0.6,6.7,SSE,S,,5.5,189
2024,05,02,04,00,0.7,0.1,13.3,0.7,7.4,SSE,S,,5.5,191
2024,05,02,03,30,0.7,0.1,12.5,0.7,6.9,SSE,S,,5.4,186
2024,05,02,03,00,0.7,0.1,10.0,0.7,7.1,SSE,S,,5.4,186
2024,05,02,02,30,0.7,0.1,13.3,0.6,6.7,SSE,S,,5.0,177
2024,05,02,02,00,0.7,0.1,13.3,0.6,6.1,SSE,SSW,,4.6,194
2024,05,02,01,30,0.7,0.1,13.3,0.7,6.1,S,SSW,,4.5,201
2024,05,02,01,00,0.8,0.1,12.5,0.8,6.5,SSE,SSW,,4.5,194
2024,05,02,00,30,0.8,0.1,10.0,0.8,6.2,SSE,SSW,,4.4,202
2024,05,02,00,00,0.8,0.1,10.0,0.8,6.7,SSE,S,,4.4,186
2024,05,01,23,30,0.8,0.1,10.0,0.8,6.2,S,SSW,AVERAGE,4.5,202
2024,05,01,23,00,0.8,0.1,13.3,0.8,6.5,SSE,SSW,,4.4,198
2024,05,01,22,30,0.8,0.1,13.3,0.8,6.2,SSE,SSW,AVERAGE,4.5,204
2024,05,01,22,00,0.8,0.1,13.3,0.8,6.5,SSE,SSW,,4.5,199
2024,05,01,21,30,0.8,0.1,13.3,0.8,5.9,SSE,SSW,,4.3,201
2024,05,01,21,00,0.7,0.1,10.0,0.7,6.1,SSE,SSW,,4.3,206
2024,05,01,20,30,0.7,0.1,13.3,0.7,5.7,SSE,SSW,,4.4,196
2024,05,01,20,00,0.7,0.1,13.3,0.7,5.9,S,SSW,,4.5,205
2024,05,01,19,30,0.7,0.1,13.3,0.7,5.9,SSE,SSW,,4.4,207
2024,05,01,19,00,0.6,0.1,13.3,0.6,6.2,SSE,SSW,,4.2,211
2024,05,01,18,30,0.6,0.1,13.3,0.6,6.1,SSE,SSW,,4.1,202
2024,05,01,18,00,0.6,0.1,13.3,0.6,6.1,SSE,SSW,,3.8,198
2024,05,01,17,30,0.6,0.1,10.0,0.6,6.5,SSE,SSW,,3.7,198
2024,05,01,17,00,0.6,0.1,12.5,0.6,6.5,SE,SSW,,3.5,45
2024,05,01,16,30,0.6,0.1,13.3,0.6,6.1,ESE,SSW,,3.5,197
2024,05,01,16,00,0.6,0.1,13.3,0.6,6.7,SE,SSW,,3.5,192
2024,05,01,15,30,0.7,0.1,13.3,0.6,6.1,SE,SSW,,3.4,198
2024,05,01,15,00,0.7,0.1,12.5,0.7,3.2,SE,NE,,3.4,49
2024,05,01,14,30,0.7,0.1,13.3,0.7,7.4,SE,S,,3.3,185
2024,05,01,14,00,0.7,0.1,10.0,0.7,6.1,SSE,SSW,,3.3,193
2024,05,01,13,30,0.7,0.1,13.3,0.6,7.1,SSE,S,,3.3,180
2024,05,01,13,00,0.7,0.1,13.3,0.6,7.4,SSE,S,,3.3,176
2024,05,01,12,30,0.7,0.1,10.5,0.7,4.9,SE,SSE,,3.2,149
2024,05,01,12,00,0.7,0.1,10.0,0.7,4.5,SSE,SE,,3.2,141
2024,05,01,11,30,0.7,0.1,13.3,0.7,4.8,SSE,SSE,,3.3,147
2024,05,01,11,00,0.7,0.1,10.0,0.7,5.1,SSE,SSE,,3.4,156
2024,05,01,10,30,0.6,0.1,10.0,0.6,5.0,SSE,SSE,,3.5,155
2024,05,01,10,00,0.7,0.1,13.3,0.6,4.8,SE,SSE,,3.5,149
2024,05,01,09,30,0.7,0.1,10.0,0.7,5.0,SSE,SSE,,3.8,157
2024,05,01,09,00,0.7,0.1,10.0,0.7,5.1,SSE,SSE,,3.7,156
2024,05,01,08,30,0.7,0.1,10.0,0.7,4.9,SE,SSE,,3.6,153
2024,05,01,08,00,0.7,0.1,10.0,0.7,5.1,SE,SSE,,3.6,154
2024,05,01,07,30,0.8,0.1,10.0,0.8,5.0,SSE,SSE,,3.7,148
2024,05,01,07,00,0.8,0.1,10.0,0.8,5.0,SSE,SSE,STEEP,3.6,149
2024,05,01,06,30,0.9,0.1,10.0,0.8,5.3,SSE,SSE,STEEP,3.6,158
2024,05,01,06,00,0.8,0.1,10.0,0.8,5.0,SSE,SSE,VERY_STEEP,3.6,154
2024,05,01,05,30,0.8,0.1,10.0,0.8,4.8,SE,SSE,VERY_STEEP,3.8,147
2024,05,01,05,00,0.8,0.1,10.0,0.8,5.1,SE,SSE,STEEP,4.0,156
2024,05,01,04,30,0.8,0.1,10.5,0.8,5.3,SE,SSE,STEEP,3.8,152
2024,05,01,04,00,0.9,0.2,10.0,0.8,5.0,SE,SSE,VERY_STEEP,3.9,154
2024,05,01,03,30,0.9,0.1,10.0,0.9,5.1,SSE,SSE,VERY_STEEP,3.8,161
2024,05,01,03,00,0.9,0.1,10.0,0.9,5.3,SSE,SSE,STEEP,3.9,165
2024,05,01,02,30,0.9,0.1,10.0,0.9,5.1,SE,SSE,VERY_STEEP,3.8,156
2024,05,01,02,00,0.9,0.1,10.5,0.9,4.8,SE,SSE,VERY_STEEP,3.7,149
2024,05,01,01,30,1.0,0.1,10.5,1.0,4.9,SE,SSE,VERY_STEEP,3.8,155
2024,05,01,01,00,1.0,0.1,10.0,1.0,4.9,SE,SSE,VERY_STEEP,3.7,150
2024,05,01,00,30,1.0,0.1,10.0,0.9,4.9,SE,SE,VERY_STEEP,3.7,145
2024,05,01,00,00,0.9,0.1,10.5,0.9,4.5,SE,SE,VERY_STEEP,3.7,141
2024,04,30,23,30,0.9,0.1,10.0,0.9,4.5,SSE,SE,VERY_STEEP,3.7,141
2024,04,30,23,00,0.9,0.1,10.5,0.9,4.8,SE,SSE,VERY_STEEP,3.8,148
2024,04,30,22,30,0.9,0.1,10.0,0.9,4.4,SSE,SE,VERY_STEEP,3.8,140
2024,04,30,22,00,0.9,0.2,11.8,0.9,4.2,SE,SSE,VERY_STEEP,3.8,147
2024,04,30,21,30,0.9,0.1,10.0,0.9,4.4,SSE,SE,VERY_STEEP,3.7,144
2024,04,30,21,00,0.9,0.1,10.0,0.9,4.1,SE,SE,VERY_STEEP,3.6,140
2024,04,30,20,30,0.9,0.2,10.0,0.9,4.3,SE,SE,VERY_STEEP,3.6,139
2024,04,30,20,00,0.9,0.2,10.0,0.9,4.1,SE,SE,VERY_STEEP,3.6,134
2024,04,30,19,30,0.9,0.1,10.0,0.9,3.7,SE,ESE,VERY_STEEP,3.4,118
2024,04,30,19,00,0.9,0.2,10.5,0.9,3.6,SE,ESE,VERY_STEEP,3.3,111
2024,04,30,18,30,0.8,0.2,10.5,0.8,3.5,SE,ENE,,3.2,75
2024,04,30,18,00,0.7,0.2,10.5,0.7,3.0,SE,E,,3.2,99
2024,04,30,17,30,0.6,0.2,10.0,0.6,5.9,SSE,SSW,,3.4,200
2024,04,30,17,00,0.6,0.2,10.0,0.6,6.5,SSE,S,,3.4,178
2024,04,30,16,30,0.6,0.2,11.8,0.6,5.9,SE,SSW,,3.5,199
2024,04,30,16,00,0.6,0.2,11.8,0.6,6.1,SSE,SSW,,3.4,198
2024,04,30,15,30,0.6,0.2,11.1,0.5,8.0,SE,SSE,,3.6,143
2024,04,30,15,00,0.5,0.2,11.1,0.5,5.6,SE,S,,3.5,190
2024,04,30,14,30,0.6,0.2,11.1,0.5,7.7,SE,SSE,,3.6,146
2024,04,30,14,00,0.5,0.2,10.5,0.5,5.9,SE,S,,4.0,145
2024,04,30,13,30,0.6,0.2,10.5,0.5,6.2,SE,SSW,,4.8,204
2024,04,30,13,00,0.6,0.2,11.8,0.5,6.2,SE,S,,5.1,190
2024,04,30,12,30,0.5,0.2,11.8,0.5,6.5,SE,SSW,,5.5,195
2024,04,30,12,00,0.6,0.3,10.5,0.5,9.5,SSE,SSE,,6.1,155
2024,04,30,11,30,0.6,0.3,10.5,0.6,5.9,SSE,SSW,,6.0,154
2024,04,30,11,00,0.6,0.3,10.0,0.6,6.2,SSE,SSW,,6.0,202
2024,04,30,10,30,0.6,0.3,12.5,0.6,6.2,SE,SSW,,6.1,146
2024,04,30,10,00,0.6,0.3,10.5,0.6,5.6,SSE,SSW,,5.9,200
2024,04,30,09,30,0.6,0.2,11.1,0.6,6.5,SSE,SSW,,5.8,198
2024,04,30,09,00,0.6,0.2,10.5,0.6,6.1,SSE,SSW,,5.8,196
2024,04,30,08,30,0.6,0.3,11.8,0.6,6.2,SSE,SSW,,6.0,147
2024,04,30,08,00,0.7,0.3,12.5,0.6,5.9,SE,SSW,,6.0,206
2024,04,30,07,30,0.7,0.3,11.8,0.6,6.2,SSE,SSW,,6.0,201
2024,04,30,07,00,0.7,0.3,12.5,0.6,5.6,SE,SSW,,6.0,202
2024,04,30,06,30,0.7,0.3,12.5,0.6,5.6,SE,S,,5.9,190
2024,04,30,06,00,0.7,0.3,12.5,0.6,5.7,SE,SSW,,6.1,140
2024,04,30,05,30,0.7,0.3,12.5,0.6,5.7,SE,SSW,,5.9,200
2024,04,30,05,00,0.6,0.3,11.8,0.6,5.7,SE,SSW,,5.8,196
2024,04,30,04,30,0.7,0.3,11.8,0.6,5.7,SSE,SSW,,6.1,147
2024,04,30,04,00,0.7,0.3,11.8,0.6,6.2,SSE,S,,6.0,150
2024,04,30,03,30,0.6,0.3,11.8,0.5,5.3,SSE,SSW,,5.9,151
2024,04,30,03,00,0.7,0.4,12.5,0.6,5.7,SSE,S,,6.0,153
2024,04,30,02,30,0.7,0.4,11.8,0.5,5.9,SSE,S,,5.9,147
2024,04,30,02,00,0.6,0.3,11.8,0.6,5.9,SSE,S,,5.5,150
2024,04,30,01,30,0.7,0.4,11.8,0.6,5.9,SE,S,,5.3,145
2024,04,30,01,00,0.7,0.4,12.5,0.6,5.0,SE,S,,4.9,143
2024,04,30,00,30,0.7,0.4,12.5,0.6,5.7,SE,S,,4.6,141
2024,04,30,00,00,0.7,0.4,12.5,0.6,5.9,SE,S,,4.6,142
2024,04,29,23,30,0.7,0.4,11.8,0.6,5.6,SE,SSW,,4.5,144
2024,04,29,23,00,0.7,0.3,11.8,0.6,5.1,SE,S,,3.8,141
2024,04,29,22,30,0.7,0.3,11.8,0.6,9.5,SE,SE,,3.9,144
2024,04,29,22,00,0.7,0.3,11.8,0.6,9.1,SE,SSE,,4.0,144
2024,04,29,21,30,0.7,0.3,12.5,0.6,5.1,SE,S,,3.9,146
2024,04,29,21,00,0.6,0.3,11.8,0.6,5.3,SE,S,,4.2,182
2024,04,29,20,30,0.7,0.3,10.0,0.6,9.5,SSE,SSE,,4.3,150
2024,04,29,20,00,0.7,0.3,10.0,0.6,5.4,SSE,S,,4.1,181
2024,04,29,19,30,0.7,0.3,10.5,0.7,5.7,SE,S,,3.9,50
2024,04,29,19,00,0.8,0.3,10.5,0.7,5.6,SE,S,,3.9,143
2024,04,29,18,30,0.7,0.2,10.0,0.7,3.5,SSE,NE,,3.8,149
2024,04,29,18,00,0.7,0.2,10.5,0.7,3.1,SE,NE,,3.5,36
2024,04,29,17,30,0.7,0.2,10.5,0.6,9.5,SE,SE,,3.6,138
2024,04,29,17,00,0.6,0.2,10.0,0.5,9.5,SE,SE,,4.0,143
2024,04,29,16,00,0.5,0.2,10.0,0.4,6.7,SSE,SSE,,4.9,165
2024,04,29,15,30,0.5,0.2,10.5,0.4,7.4,SSE,S,,4.8,162
2024,04,29,15,00,0.5,0.2,11.1,0.4,9.5,SSE,SSE,,4.6,157
2024,04,29,14,30,0.5,0.2,10.0,0.5,9.5,SSE,SSE,,4.4,160
2024,04,29,14,00,0.5,0.2,10.0,0.5,8.3,SSE,SSE,,4.4,150
2024,04,29,13,30,0.5,0.2,10.0,0.5,4.5,SE,SSE,,4.3,166
2024,04,29,13,00,0.6,0.2,10.0,0.5,4.4,SSE,S,,4.1,169
2024,04,29,12,30,0.6,0.2,10.0,0.6,4.9,SSE,SSE,,4.2,160
2024,04,29,12,00,0.6,0.2,10.0,0.6,9.5,SE,SSE,,4.4,149
2024,04,29,11,30,0.6,0.2,10.0,0.6,9.5,SE,SE,,4.4,143
2024,04,29,11,00,0.7,0.2,10.0,0.6,9.5,SE,SSE,,4.3,148
2024,04,29,10,30,0.6,0.2,10.0,0.6,9.5,SSE,SSE,,4.2,150
2024,04,29,10,00,0.6,0.2,10.0,0.6,9.5,SSE,SSE,,4.2,153
2024,04,29,09,30,0.6,0.2,10.0,0.6,8.7,SSE,SSE,,4.1,152
2024,04,29,09,00,0.7,0.2,10.0,0.6,9.1,SSE,SSE,,3.8,150
2024,04,29,08,30,0.7,0.2,10.5,0.6,9.1,SSE,SSE,,3.8,152
2024,04,29,08,00,0.7,0.2,10.5,0.6,4.5,SSE,S,,3.7,159
2024,04,29,07,30,0.7,0.2,10.5,0.7,3.3,SSE,SSW,,3.7,154
2024,04,29,07,00,0.7,0.2,10.0,0.7,9.5,SSE,SSE,,3.8,157
2024,04,29,06,30,0.7,0.3,10.5,0.7,9.1,SSE,SSE,,3.7,151
2024,04,29,06,00,0.7,0.2,10.5,0.7,9.5,SSE,SSE,,3.8,152
2024,04,29,05,30,0.7,0.2,11.8,0.7,9.5,SSE,SSE,,4.0,151
2024,04,29,05,00,0.7,0.3,10.0,0.7,9.5,SSE,SSE,,4.1,153
2024,04,29,04,30,0.7,0.2,11.1,0.7,4.5,SSE,S,,4.0,151
2024,04,29,04,00,0.8,0.3,10.5,0.7,4.3,SSE,S,,4.0,187
2024,04,29,03,30,0.7,0.2,10.5,0.7,4.7,SE,S,,3.5,186
2024,04,29,03,00,0.7,0.2,10.0,0.7,4.7,SE,S,,3.6,178
2024,04,29,02,30,0.8,0.2,10.0,0.7,4.7,SE,SSW,,3.8,193
2024,04,29,02,00,0.7,0.2,10.0,0.7,4.7,SSE,S,,3.7,189
2024,04,29,01,30,0.8,0.2,10.5,0.7,4.4,SSE,S,,3.8,189
2024,04,29,01,00,0.8,0.2,10.0,0.7,4.5,SSE,SSW,,3.8,199
2024,04,29,00,30,0.8,0.2,10.0,0.7,4.7,SSE,SSW,,3.9,192
2024,04,29,00,00,0.8,0.2,10.0,0.7,4.5,SSE,S,,3.8,188
2024,04,28,23,30,0.8,0.2,10.0,0.8,4.5,SSE,S,,4.0,190
2024,04,28,23,00,0.8,0.2,10.5,0.8,4.5,SSE,SSW,VERY_STEEP,3.9,198
2024,04,28,22,30,0.8,0.2,11.1,0.8,4.8,SE,SSW,VERY_STEEP,3.9,194
2024,04,28,22,00,0.8,0.2,10.0,0.8,4.7,SSE,SSW,VERY_STEEP,3.8,196
2024,04,28,21,30,0.9,0.2,10.0,0.9,4.5,SSE,SSW,VERY_STEEP,3.9,195
2024,04,28,21,00,0.9,0.2,10.5,0.9,4.5,SSE,S,VERY_STEEP,4.0,187
2024,04,28,20,30,0.9,0.2,10.5,0.9,4.5,SE,SSW,VERY_STEEP,4.0,193
2024,04,28,20,00,0.9,0.2,10.0,0.9,4.3,SSE,SSW,VERY_STEEP,4.0,193
2024,04,28,19,30,0.9,0.2,10.0,0.9,4.7,SSE,S,VERY_STEEP,4.0,186
2024,04,28,19,00,1.0,0.2,10.0,0.9,4.4,SSE,S,VERY_STEEP,3.9,190
2024,04,28,18,30,0.9,0.2,10.0,0.9,4.7,SE,S,VERY_STEEP,3.9,176
2024,04,28,18,00,0.9,0.2,10.0,0.9,4.5,SSE,S,VERY_STEEP,3.8,176
2024,04,28,17,30,1.0,0.2,11.1,0.9,4.3,SSE,S,VERY_STEEP,3.7,186
2024,04,28,17,00,0.9,0.2,10.5,0.9,4.0,SSE,S,VERY_STEEP,3.6,180
2024,04,28,16,30,0.9,0.2,10.0,0.9,3.9,SE,S,VERY_STEEP,3.5,189
2024,04,28,16,00,0.8,0.2,10.0,0.8,4.0,SE,SSW,VERY_STEEP,3.4,204
2024,04,28,15,30,0.8,0.2,10.5,0.8,3.9,SSE,SSW,VERY_STEEP,3.3,204
2024,04,28,15,00,0.8,0.2,10.0,0.8,3.7,SSE,SSW,VERY_STEEP,3.3,202
2024,04,28,14,30,0.9,0.2,10.0,0.9,3.9,SSE,SSW,VERY_STEEP,3.2,201
2024,04,28,14,00,0.8,0.1,10.0,0.8,3.7,SSE,SSW,VERY_STEEP,3.2,204
2024,04,28,13,30,0.8,0.1,10.0,0.8,3.5,SSE,SSW,VERY_STEEP,3.2,204
2024,04,28,13,00,0.8,0.1,10.0,0.8,3.1,SSE,SSW,,3.1,203
2024,04,28,12,30,0.8,0.1,10.5,0.8,3.6,SSE,SSW,,3.2,210
2024,04,28,12,00,0.7,0.2,10.0,0.7,3.6,SSE,SW,,3.3,220
2024,04,28,11,30,0.7,0.2,10.0,0.7,3.9,SSE,SW,,3.4,225
2024,04,28,11,00,0.7,0.2,10.5,0.7,3.9,SSE,SW,,3.5,227
2024,04,28,10,30,0.7,0.2,10.0,0.7,4.1,SSE,SW,,3.7,222
2024,04,28,10,00,0.7,0.1,10.0,0.7,3.9,SSE,SW,,3.7,228
2024,04,28,09,30,0.7,0.1,10.0,0.7,4.0,SSE,SW,,3.6,227
2024,04,28,09,00,0.7,0.2,10.5,0.6,3.9,SSE,SW,,3.5,235
2024,04,28,08,30,0.7,0.2,10.0,0.7,3.9,SSE,SW,,3.6,229
2024,04,28,08,00,0.7,0.1,10.5,0.7,3.7,SSE,SW,,3.5,234
2024,04,28,07,30,0.7,0.1,10.5,0.7,4.1,SSE,SW,,3.4,227
2024,04,28,07,00,0.8,0.1,10.5,0.8,4.1,SSE,SW,VERY_STEEP,3.4,221
2024,04,28,06,30,0.8,0.1,10.0,0.8,4.1,SSE,SW,,3.3,223
2024,04,28,06,00,0.8,0.1,10.0,0.8,4.0,SSE,SW,,3.4,222
2024,04,28,05,30,0.8,0.1,10.5,0.8,4.0,SSE,SW,,3.4,234
2024,04,28,05,00,0.8,0.1,10.5,0.8,4.0,S,SW,,3.4,225
2024,04,28,04,30,0.8,0.1,10.0,0.7,4.1,SSE,SW,,3.4,230
2024,04,28,04,00,0.8,0.2,10.5,0.8,4.0,SSE,SW,VERY_STEEP,3.4,233
2024,04,28,03,30,0.8,0.1,10.5,0.8,4.0,SSE,SW,,3.3,232
2024,04,28,03,00,0.8,0.1,10.5,0.8,3.7,SSE,WSW,VERY_STEEP,3.2,238
2024,04,28,02,30,0.8,0.1,10.5,0.8,3.9,SSE,SW,VERY_STEEP,3.3,232
2024,04,28,02,00,0.8,0.1,10.0,0.8,3.9,SSE,WSW,VERY_STEEP,3.3,238
2024,04,28,01,30,0.9,0.1,11.1,0.9,3.9,SSE,WSW,VERY_STEEP,3.3,237
2024,04,28,01,00,0.8,0.1,10.0,0.8,3.9,SSE,WSW,,3.3,239
2024,04,28,00,30,0.8,0.1,10.0,0.8,4.0,SSE,WSW,,3.3,239
2024,04,28,00,00,0.8,0.1,10.5,0.8,3.9,SSE,WSW,,3.3,244
2024,04,27,23,30,0.8,0.1,10.0,0.8,3.9,SE,WSW,,3.3,245
2024,04,27,23,00,0.8,0.1,11.1,0.8,3.7,SSE,WSW,,3.2,239
2024,04,27,22,30,0.8,0.1,10.5,0.7,3.7,SSE,WSW,,3.1,237
2024,04,27,22,00,0.8,0.1,11.1,0.8,3.6,SSE,WSW,,3.2,242
2024,04,27,21,30,0.8,0.1,11.1,0.7,3.6,S,WSW,,3.2,237
2024,04,27,21,00,0.7,0.1,11.1,0.7,3.5,S,SW,,3.2,240
2024,04,27,20,30,0.7,0.1,11.1,0.7,3.5,SSE,WSW,,3.2,234
2024,04,27,20,00,0.7,0.1,12.5,0.7,3.5,S,SW,,3.0,235
2024,04,27,19,30,0.7,0.1,11.1,0.6,3.2,SSE,SW,,3.0,224
2024,04,27,19,00,0.6,0.1,11.1,0.6,3.0,S,SW,,2.9,223
2024,04,27,18,30,0.5,0.1,11.8,0.5,2.9,SSE,SW,,2.9,218
2024,04,27,18,00,0.5,0.1,11.8,0.5,2.6,SSE,SW,,2.8,223
2024,04,27,17,30,0.5,0.1,11.1,0.5,7.7,S,SSE,,2.9,152
2024,04,27,17,00,0.4,0.1,11.1,0.4,6.5,SSE,SSE,,2.9,160
2024,04,27,16,30,0.4,0.1,11.1,0.4,6.5,SSE,SSE,,3.0,153
2024,04,27,16,00,0.4,0.1,11.8,0.3,6.7,SSE,SSE,,3.0,159
2024,04,27,15,30,0.4,0.1,11.1,0.3,7.4,SSE,SSE,,3.2,154
2024,04,27,15,00,0.3,0.1,11.8,0.3,7.4,SSE,SSE,,3.3,163
2024,04,27,14,30,0.4,0.1,11.1,0.3,7.7,S,SSE,,3.3,156
2024,04,27,14,00,0.4,0.1,11.1,0.4,6.9,S,SSE,,3.2,162
2024,04,27,13,30,0.4,0.1,11.1,0.4,5.7,SSE,SSE,,3.2,149
2024,04,27,13,00,0.4,0.1,11.1,0.4,7.4,S,SSE,,3.4,163
2024,04,27,12,30,0.4,0.1,11.1,0.4,6.9,S,SSE,,3.3,156
2024,04,27,12,00,0.4,0.1,11.1,0.4,7.4,S,SSE,,3.4,156
2024,04,27,11,30,0.4,0.1,11.1,0.4,7.1,SSE,SSE,,3.3,159
2024,04,27,11,00,0.4,0.1,10.5,0.4,7.7,SSE,SSE,,3.4,150
2024,04,27,10,30,0.4,0.1,11.1,0.4,7.1,SSE,SSE,,3.5,159
2024,04,27,10,00,0.4,0.1,11.1,0.4,6.7,SSE,SSE,,3.7,152
2024,04,27,09,30,0.5,0.1,11.1,0.5,7.4,SSE,SSE,,3.5,162
2024,04,27,09,00,0.5,0.1,11.8,0.5,6.9,SSE,SSE,,3.4,158
2024,04,27,08,30,0.5,0.1,11.8,0.5,7.7,SSE,SSE,,3.4,163
2024,04,27,08,00,0.5,0.1,11.1,0.5,7.4,S,SSE,,3.4,158
2024,04,27,07,30,0.5,0.1,11.1,0.5,8.0,S,SSE,,3.4,162
2024,04,27,07,00,0.4,0.1,11.8,0.4,8.0,S,SSE,,3.3,162
2024,04,27,06,30,0.4,0.1,10.5,0.4,7.1,SSE,SSE,,3.4,158
2024,04,27,06,00,0.4,0.1,11.8,0.4,8.0,SSE,SSE,,3.5,156
2024,04,27,05,30,0.4,0.1,11.8,0.4,7.7,S,S,,3.4,170
2024,04,27,05,00,0.4,0.1,11.1,0.4,7.4,SSE,SSE,,3.4,162
2024,04,27,04,30,0.4,0.1,11.8,0.4,7.1,SSE,SSE,,3.3,163
2024,04,27,04,00,0.4,0.1,10.0,0.4,8.3,SSE,SSE,,3.4,163
2024,04,27,03,30,0.4,0.1,11.1,0.4,8.0,SSE,SSE,,3.3,228
2024,04,27,03,00,0.4,0.1,11.1,0.4,7.7,SSE,SSE,,3.1,158
2024,04,27,02,30,0.4,0.1,11.1,0.4,8.3,SSE,SSE,,3.0,158
2024,04,27,02,00,0.4,0.1,11.8,0.4,2.9,SSE,SW,,3.0,225
2024,04,27,01,30,0.4,0.1,11.8,0.4,2.6,SSE,SSW,,2.9,230
2024,04,27,01,00,0.4,0.1,11.1,0.4,2.9,S,SW,,2.9,229
2024,04,27,00,30,0.5,0.1,10.5,0.4,2.6,SSE,SW,,2.8,205
2024,04,27,00,00,0.5,0.1,11.1,0.5,2.9,S,SW,,2.8,231
2024,04,26,23,30,0.5,0.1,10.5,0.5,2.8,SSE,SW,,2.8,216
2024,04,26,23,00,0.4,0.1,11.1,0.4,2.6,S,SSW,,2.9,205
2024,04,26,22,30,0.5,0.1,11.8,0.4,2.5,SSE,SSW,,3.0,215
2024,04,26,22,00,0.4,0.1,11.1,0.4,2.6,S,SW,,2.8,218
2024,04,26,21,30,0.4,0.1,10.0,0.4,8.0,S,SSE,,2.9,150
2024,04,26,21,00,0.4,0.1,11.1,0.4,5.0,S,SSE,,2.9,149
2024,04,26,20,30,0.4,0.1,11.1,0.4,7.1,SSE,SSE,,3.1,145
2024,04,26,20,00,0.4,0.1,10.0,0.3,7.1,SSE,SSE,,3.6,156
2024,04,26,19,30,0.3,0.1,11.1,0.3,8.0,SSE,SSE,,3.4,149
2024,04,26,19,00,0.3,0.1,10.0,0.3,8.3,SSE,SSE,,3.4,154
2024,04,26,18,30,0.3,0.1,10.5,0.3,7.7,SSE,SSE,,4.1,152
2024,04,26,18,00,0.3,0.1,11.8,0.3,8.3,SSE,SSE,,4.8,152
2024,04,26,17,30,0.3,0.1,10.0,0.3,8.0,SSE,SSE,,5.4,153
2024,04,26,17,00,0.3,0.1,10.0,0.3,8.0,SSE,SSE,,5.5,161
2024,04,26,16,30,0.3,0.1,11.8,0.3,8.3,SSE,SSE,,5.3,153
2024,04,26,16,00,0.3,0.1,10.0,0.3,8.3,SSE,SSE,,5.3,160
2024,04,26,15,30,0.3,0.1,10.0,0.3,8.7,SSE,SSE,,5.1,156
2024,04,26,15,00,0.3,0.1,11.8,0.3,7.7,SSE,SSE,,4.8,158
2024,04,26,14,30,0.3,0.1,11.1,0.3,9.1,SSE,SSE,,4.5,159
2024,04,26,14,00,0.3,0.1,11.8,0.3,8.7,S,SSE,,4.4,151
2024,04,26,13,30,0.3,0.1,11.1,0.3,8.7,S,SSE,,4.4,155
2024,04,26,13,00,0.3,0.1,10.0,0.3,8.3,SSE,SSE,,4.1,151
2024,04,26,12,30,0.3,0.1,11.8,0.3,7.7,SSE,SSE,,3.9,165
2024,04,26,12,00,0.3,0.1,10.5,0.3,8.0,SSE,SSE,,3.9,156
2024,04,26,11,30,0.3,0.1,11.8,0.3,7.4,SSE,SSE,,3.7,163
2024,04,26,11,00,0.3,0.1,11.1,0.3,7.4,SSE,SSE,,3.5,164
2024,04,26,10,30,0.3,0.1,11.1,0.3,7.1,SSE,SSE,,3.6,161
2024,04,26,10,00,0.3,0.1,11.1,0.3,8.7,SSE,SSE,,3.6,163
2024,04,26,09,30,0.3,0.1,10.5,0.3,8.0,SSE,SSE,,3.9,153
2024,04,26,09,00,0.3,0.1,10.0,0.3,8.7,SSE,SSE,,4.3,149
2024,04,26,08,30,0.3,0.1,11.8,0.3,5.9,SSE,S,,4.5,173
2024,04,26,08,00,0.3,0.1,10.0,0.3,8.3,SSE,SSE,,4.4,149
2024,04,26,07,30,0.3,0.1,10.0,0.3,6.7,SSE,SSE,,4.3,167
2024,04,26,07,00,0.4,0.1,10.0,0.3,6.7,SSE,SSE,,4.2,166
2024,04,26,06,30,0.4,0.1,10.0,0.3,5.4,SSE,SSE,,4.1,163
2024,04,26,06,00,0.4,0.1,10.0,0.4,7.1,SSE,SSE,,4.1,162
2024,04,26,05,30,0.4,0.1,10.0,0.4,6.7,SSE,S,,4.1,172
2024,04,26,05,00,0.4,0.1,10.0,0.4,6.7,SSE,SSE,,4.2,168
2024,04,26,04,30,0.4,0.1,11.1,0.4,6.2,SE,S,,3.8,170
2024,04,26,04,00,0.4,0.1,12.5,0.4,6.2,SSE,SSE,,3.9,162
2024,04,26,03,30,0.4,0.1,10.0,0.4,6.1,SSE,S,,3.8,169
2024,04,26,03,00,0.4,0.1,10.5,0.4,6.5,SSE,SSE,,3.6,165
2024,04,26,02,30,0.5,0.1,10.0,0.4,6.5,SSE,S,,3.6,174
2024,04,26,02,00,0.5,0.1,10.5,0.4,6.9,SSE,SSE,,3.3,166
2024,04,26,01,30,0.5,0.1,10.0,0.4,6.9,SSE,SSE,,3.3,158
2024,04,26,01,00,0.5,0.1,10.0,0.4,6.7,SSE,S,,3.2,174
2024,04,26,00,30,0.5,0.1,10.0,0.5,6.7,SSE,S,,3.1,184
2024,04,26,00,00,0.5,0.1,10.5,0.5,7.1,SSE,S,,3.2,173
2024,04,25,23,30,0.5,0.1,10.0,0.5,6.7,SE,S,,3.2,170
2024,04,25,23,00,0.5,0.1,10.0,0.5,6.7,SSE,S,,3.1,176
2024,04,25,22,30,0.5,0.1,10.0,0.5,6.9,SSE,SSE,,3.1,159
2024,04,25,22,00,0.6,0.1,10.0,0.6,6.7,SSE,S,,3.3,177
2024,04,25,21,30,0.6,0.1,10.0,0.6,6.9,SE,S,,3.3,174
2024,04,25,21,00,0.5,0.1,10.0,0.5,7.1,SE,S,,3.3,186
2024,04,25,20,30,0.5,0.1,10.0,0.5,6.9,SE,S,,3.6,184
2024,04,25,12,56,0.7,0.1,10.5,0.7,7.1,SSE,S,,4.0,190
2024,04,25,12,26,0.7,0.1,10.5,0.7,7.1,SSE,S,,3.9,187
2024,04,25,11,56,0.7,0.1,10.5,0.7,4.0,SSE,NE,,3.8,46
2024,04,25,11,26,0.8,0.1,10.5,0.8,4.0,SE,NE,,3.7,44
2024,04,25,10,56,0.9,0.1,10.5,0.9,4.0,SE,NE,VERY_STEEP,3.8,42
2024,04,25,10,26,0.9,0.1,10.5,0.9,4.0,SSE,NE,VERY_STEEP,3.7,42
2024,04,25,09,56,0.9,0.1,10.5,0.9,3.9,SSE,NE,VERY_STEEP,3.6,37
2024,04,25,09,26,1.0,0.1,11.1,1.0,7.7,SE,SSW,AVERAGE,3.8,193
2024,04,25,08,56,0.9,0.1,10.5,0.9,7.7,SE,S,AVERAGE,3.8,183
2024,04,25,08,26,1.0,0.1,10.5,1.0,3.6,SE,NNE,VERY_STEEP,3.7,30
2024,04,25,07,56,1.0,0.1,10.5,1.0,7.7,SSE,S,AVERAGE,3.8,181
2024,04,25,07,26,1.0,0.1,10.5,1.0,3.6,SE,NNE,VERY_STEEP,3.7,28
2024,04,25,06,56,0.9,0.1,10.5,0.9,3.2,SE,N,VERY_STEEP,3.6,357
2024,04,25,06,26,1.0,0.2,10.5,1.0,3.5,SE,NNE,VERY_STEEP,3.5,13
2024,04,25,05,56,1.1,0.1,11.1,1.1,3.3,SE,N,VERY_STEEP,3.6,7
2024,04,25,05,26,1.1,0.2,11.1,1.1,3.5,SE,N,VERY_STEEP,3.5,10
2024,04,25,04,56,1.0,0.2,10.5,1.0,9.9,SE,SE,AVERAGE,3.6,128
2024,04,25,04,26,0.9,0.2,10.5,0.9,6.2,SE,SSW,STEEP,3.6,208
2024,04,25,03,56,0.9,0.2,10.5,0.9,9.9,SE,SSE,AVERAGE,3.7,134
2024,04,25,03,26,1.0,0.2,10.5,0.9,5.9,SE,SSW,AVERAGE,3.9,144
2024,04,25,02,56,0.9,0.2,10.5,0.9,9.9,SE,SE,AVERAGE,4.0,146
2024,04,25,02,26,0.9,0.3,10.5,0.9,5.9,SE,SSW,STEEP,4.1,212
2024,04,25,01,56,0.9,0.2,10.5,0.8,9.9,SE,SSE,AVERAGE,4.2,148
2024,04,25,01,26,0.9,0.2,10.5,0.8,9.9,SE,SE,AVERAGE,4.6,145
2024,04,25,00,56,0.8,0.3,10.5,0.8,5.9,SE,SSW,AVERAGE,4.8,144
2024,04,25,00,26,0.8,0.2,10.5,0.8,4.8,SE,S,VERY_STEEP,4.7,176
2024,04,24,23,56,0.9,0.3,10.5,0.9,9.9,SE,SSE,AVERAGE,4.6,144
2024,04,24,23,26,0.9,0.3,10.5,0.9,9.9,SSE,SSE,AVERAGE,4.4,153
2024,04,24,22,56,1.0,0.2,10.5,1.0,9.9,SE,SE,AVERAGE,4.2,144
2024,04,24,22,26,1.0,0.2,10.5,1.0,5.3,SSE,SSW,VERY_STEEP,4.4,201
2024,04,24,21,56,1.0,0.3,10.5,1.0,4.8,SE,S,VERY_STEEP,4.4,183
2024,04,24,21,26,1.0,0.2,11.1,1.0,9.9,SSE,SSE,AVERAGE,4.5,156
2024,04,24,20,56,1.0,0.3,10.5,1.0,4.8,SSE,S,VERY_STEEP,4.6,189
2024,04,24,20,26,1.0,0.3,10.5,1.0,9.9,SSE,SSE,AVERAGE,4.7,159
2024,04,24,19,56,1.0,0.3,10.5,1.0,4.8,SSE,SSW,VERY_STEEP,4.6,198
2024,04,24,19,26,1.1,0.3,10.5,1.0,4.5,SSE,S,VERY_STEEP,4.6,190
2024,04,24,18,56,1.0,0.3,11.1,1.0,4.8,SSE,SSW,VERY_STEEP,4.7,201
2024,04,24,18,26,1.1,0.4,10.5,1.1,4.8,SSE,SSW,AVERAGE,4.7,149
2024,04,24,17,56,1.1,0.4,10.5,1.0,4.3,SSE,S,AVERAGE,4.7,153
2024,04,24,17,26,1.1,0.4,10.5,1.1,4.5,SSE,SSW,VERY_STEEP,4.6,205
2024,04,24,16,56,1.1,0.4,11.1,1.1,4.3,SSE,SSW,AVERAGE,4.6,156
2024,04,24,16,26,1.1,0.5,11.1,1.1,9.1,SSE,SE,AVERAGE,4.7,155
2024,04,24,15,56,1.2,0.5,10.5,1.1,4.2,SSE,SSW,AVERAGE,4.5,149
2024,04,24,15,26,1.1,0.5,11.1,1.0,4.2,SSE,SSW,AVERAGE,4.4,148
2024,04,24,14,56,1.1,0.5,10.5,1.0,9.9,SE,SSE,AVERAGE,4.5,146
2024,04,24,14,26,1.1,0.4,10.5,1.0,9.9,SSE,SSE,AVERAGE,4.3,148
2024,04,24,13,56,1.1,0.6,10.5,0.9,9.9,SSE,SSE,AVERAGE,4.5,153
2024,04,24,13,26,1.1,0.6,10.5,1.0,9.9,SSE,SSE,AVERAGE,4.9,152
2024,04,24,12,56,1.0,0.6,10.5,0.9,9.9,SSE,SSE,AVERAGE,4.8,156
2024,04,24,12,26,1.0,0.7,10.5,0.8,9.9,SSE,SSE,AVERAGE,5.3,151
2024,04,24,11,56,0.9,0.5,11.1,0.8,9.9,SSE,SSE,AVERAGE,4.9,152
2024,04,24,11,26,0.8,0.5,11.1,0.7,9.9,SSE,SSE,AVERAGE,4.9,155
2024,04,24,10,56,0.8,0.5,11.1,0.7,9.9,SSE,SSE,AVERAGE,4.8,152
2024,04,24,10,26,0.8,0.3,11.1,0.7,9.9,SSE,SSE,,4.3,153
2024,04,24,09,56,0.8,0.3,11.8,0.7,9.9,SSE,SE,,4.2,146
2024,04,24,09,26,0.7,0.3,10.5,0.7,9.9,SE,SE,,4.0,144
2024,04,24,08,56,0.7,0.3,11.1,0.7,9.9,SSE,SSE,,4.0,149
2024,04,24,08,26,0.7,0.2,11.1,0.7,9.9,SE,SE,,3.8,146
2024,04,24,07,56,0.7,0.2,11.1,0.7,3.6,SE,SW,,3.8,228
2024,04,24,07,26,0.7,0.2,11.1,0.7,9.9,SSE,SSE,,3.9,155
2024,04,24,06,56,0.7,0.1,11.1,0.7,8.3,SSE,SSE,,3.9,151
2024,04,24,06,26,0.7,0.1,10.5,0.7,7.1,SSE,SE,,3.9,144
2024,04,24,05,56,0.7,0.1,11.1,0.7,6.7,S,SE,,3.9,141
2024,04,24,05,26,0.7,0.1,11.1,0.6,6.2,SSE,SE,,4.1,141
2024,04,24,04,56,0.6,0.1,10.5,0.6,6.2,SSE,SE,,4.1,144
2024,04,24,04,26,0.6,0.1,11.1,0.6,6.7,SSE,SE,,4.0,144
2024,04,24,03,56,0.5,0.1,10.5,0.5,6.7,SSE,SE,,4.1,145
2024,04,24,03,26,0.5,0.1,10.5,0.5,7.7,SSE,SE,,4.1,142
2024,04,24,02,56,0.5,0.1,11.1,0.5,7.1,SSE,SE,,3.9,142
2024,04,24,02,26,0.5,0.1,10.5,0.5,7.7,SSE,SSE,,3.9,149
2024,04,24,01,56,0.4,0.1,10.5,0.4,7.7,SE,SSE,,3.9,149
2024,04,24,01,26,0.4,0.1,10.5,0.4,8.3,SSE,SSE,,4.0,151
2024,04,24,00,56,0.4,0.1,10.5,0.4,7.7,SSE,SSE,,3.9,149
2024,04,24,00,26,0.4,0.1,10.5,0.4,9.9,SSE,SSE,,3.7,160
2024,04,23,23,56,0.4,0.1,10.5,0.4,9.1,SSE,SSE,,3.2,160
2024,04,23,23,26,0.4,0.1,10.5,0.4,9.1,SSE,SSE,,3.4,165
2024,04,23,22,56,0.4,0.1,10.5,0.4,7.7,SE,SSE,,3.3,158
2024,04,23,22,26,0.4,0.1,10.5,0.4,7.7,SSE,SSE,,3.1,165
2024,04,23,21,56,0.4,0.1,10.5,0.4,9.9,S,SSE,,3.1,156
2024,04,23,21,26,0.4,0.1,11.1,0.4,2.4,SSE,SE,,3.1,145
2024,04,23,20,56,0.4,0.1,11.1,0.4,9.9,SSE,SSE,,3.1,165
2024,04,23,20,26,0.4,0.1,10.5,0.4,2.5,SSE,SE,,3.0,146
2024,04,23,19,56,0.4,0.1,10.5,0.4,2.5,SSE,SE,,3.0,146
2024,04,23,19,26,0.4,0.1,11.1,0.4,2.5,SSE,S,,2.9,176
2024,04,23,18,56,0.5,0.1,10.5,0.5,2.4,SSE,SSE,,3.0,165
2024,04,23,18,26,0.4,0.1,10.5,0.4,2.4,SSE,SSE,,3.1,167
2024,04,23,17,56,0.4,0.1,10.5,0.4,2.4,SSE,S,,3.1,173
2024,04,23,17,26,0.4,0.1,10.5,0.4,2.4,S,S,,3.2,176
2024,04,23,16,56,0.4,0.1,11.1,0.4,9.9,SSE,SSE,,3.5,163
2024,04,23,16,26,0.4,0.1,10.5,0.3,9.9,SSE,SSE,,3.8,160
2024,04,23,15,56,0.3,0.1,11.8,0.3,8.3,SSE,SSE,,3.7,166
2024,04,23,15,26,0.3,0.1,11.1,0.3,7.7,S,SSE,,4.2,158
2024,04,23,14,56,0.3,0.1,11.8,0.3,8.3,S,SSE,,4.3,163
2024,04,23,14,26,0.3,0.1,11.1,0.3,7.7,SSE,SSE,,4.2,156
2024,04,23,13,56,0.4,0.1,11.1,0.3,8.3,SSE,S,,4.5,174
2024,04,23,13,26,0.3,0.1,11.1,0.3,8.3,SSE,S,,4.2,169
2024,04,23,12,56,0.3,0.1,11.1,0.3,8.3,SSE,SSE,,4.2,165
2024,04,23,12,26,0.4,0.1,11.8,0.4,8.3,S,SSE,,3.9,167
2024,04,23,11,56,0.4,0.1,10.5,0.4,8.3,SSE,SSE,,3.5,163
2024,04,23,11,26,0.4,0.1,10.5,0.4,8.3,SSE,SSE,,3.4,165
2024,04,23,10,56,0.4,0.1,10.5,0.4,8.3,SSE,SSE,,3.3,167
2024,04,23,10,26,0.4,0.1,10.5,0.4,9.1,SSE,SSE,,3.4,159
2024,04,23,09,56,0.5,0.1,11.8,0.4,8.3,SSE,SSE,,3.4,165
2024,04,23,09,26,0.5,0.1,11.1,0.4,9.1,SSE,SSE,,3.6,162
2024,04,23,08,56,0.5,0.1,11.1,0.4,9.1,SE,SSE,,3.7,158
2024,04,23,08,26,0.5,0.1,10.5,0.5,8.3,SSE,SSE,,3.6,165
2024,04,23,07,56,0.5,0.1,11.8,0.5,9.1,S,SSE,,3.5,165
2024,04,23,07,26,0.5,0.1,10.5,0.5,9.1,SSE,SSE,,3.4,160
2024,04,23,06,56,0.5,0.1,11.8,0.5,9.9,SSE,SSE,,3.2,153
2024,04,23,06,26,0.4,0.1,10.5,0.4,9.9,S,SSE,,3.5,165
2024,04,23,05,56,0.5,0.1,10.5,0.5,9.9,SSE,SSE,,3.4,155
2024,04,23,05,26,0.5,0.1,10.5,0.5,9.9,SSE,SSE,,3.5,166
2024,04,23,04,56,0.5,0.1,11.1,0.5,9.1,SSE,SSE,,3.3,166
2024,04,23,04,26,0.5,0.1,10.5,0.5,3.3,SSE,SW,,3.3,224
2024,04,23,03,56,0.5,0.1,10.5,0.5,3.6,SSE,SW,,3.4,165
2024,04,23,03,26,0.5,0.1,10.5,0.5,3.5,SSE,SW,,3.4,229
2024,04,23,02,56,0.5,0.1,11.1,0.5,3.5,SSE,SW,,3.3,229
2024,04,23,02,26,0.5,0.2,10.5,0.5,3.6,SSE,SW,,3.4,236
2024,04,23,01,56,0.5,0.1,11.1,0.5,3.2,SSE,SW,,3.2,221
2024,04,23,01,26,0.5,0.1,11.8,0.5,3.5,SSE,SW,,3.1,231
2024,04,23,00,56,0.5,0.1,11.1,0.5,3.1,S,SW,,3.1,224
2024,04,23,00,26,0.5,0.1,11.1,0.5,3.3,S,SW,,3.0,235
2024,04,22,23,56,0.5,0.1,10.5,0.5,3.2,SSE,SW,,3.0,236
2024,04,22,23,26,0.6,0.1,10.5,0.6,3.5,SSE,SW,,3.1,236
2024,04,22,22,56,0.6,0.1,10.5,0.6,3.2,S,SW,,3.1,234
2024,04,22,22,26,0.6,0.1,11.1,0.6,3.5,S,SW,,3.0,232
2024,04,22,21,56,0.6,0.1,10.5,0.6,3.5,SSE,SW,,3.0,229
2024,04,22,21,26,0.6,0.1,11.1,0.6,3.5,SSE,SW,,3.0,232
2024,04,22,20,56,0.7,0.1,11.1,0.7,3.7,SSE,SW,,3.1,232
2024,04,22,20,26,0.7,0.1,10.5,0.7,3.3,SSE,WSW,,3.2,238
2024,04,22,19,56,0.6,0.1,10.5,0.6,3.3,SSE,SW,,3.1,229
2024,04,22,19,26,0.5,0.1,11.1,0.5,2.9,SE,SW,,3.0,235
2024,04,22,18,56,0.4,0.1,11.8,0.4,2.5,SE,WNW,,3.0,136
2024,04,22,18,26,0.4,0.1,11.8,0.3,2.6,SSE,NW,,3.4,167
2024,04,22,17,56,0.4,0.1,11.1,0.4,2.6,SSE,NW,,3.2,160
2024,04,22,16,56,0.4,0.1,10.5,0.3,9.9,SSE,SE,,3.3,166
2024,04,22,16,26,0.4,0.1,11.8,0.3,8.3,SSE,SSE,,3.3,149
2024,04,22,15,56,0.4,0.1,11.1,0.4,9.9,SSE,SSE,,3.2,160
2024,04,22,15,26,0.4,0.1,11.1,0.4,3.5,SSE,WSW,,3.0,248
2024,04,22,14,56,0.5,0.1,11.1,0.5,3.5,SSE,WSW,,3.1,167
2024,04,22,14,26,0.5,0.1,11.1,0.5,2.6,SSE,NW,,3.0,326
2024,04,22,13,56,0.6,0.1,12.5,0.6,2.6,SE,NNW,,2.9,331
2024,04,22,13,26,0.6,0.2,11.8,0.6,2.9,S,WNW,,3.0,288
2024,04,22,12,56,0.6,0.1,10.5,0.6,3.3,SSE,WSW,,3.0,255
2024,04,22,12,26,0.6,0.2,11.8,0.6,3.5,SSE,WSW,,3.2,253
2024,04,22,11,56,0.6,0.1,11.1,0.6,3.6,SSE,WSW,,3.1,248
2024,04,22,11,26,0.7,0.2,11.1,0.7,3.5,SSE,WSW,,3.1,255
2024,04,22,10,56,0.6,0.2,11.8,0.6,3.3,S,W,,3.2,264
2024,04,22,10,26,0.6,0.2,11.8,0.6,3.2,SSE,W,,3.3,263
2024,04,22,09,56,0.6,0.1,11.1,0.6,3.2,SSE,W,,3.4,263
2024,04,22,09,26,0.6,0.1,12.5,0.6,3.5,SSE,WSW,,3.4,252
2024,04,22,08,56,0.6,0.2,11.8,0.6,4.8,SSE,SW,,3.5,226
2024,04,22,08,26,0.6,0.2,11.8,0.6,3.6,S,WSW,,3.6,246
2024,04,22,07,56,0.6,0.1,12.5,0.6,5.0,SSE,SW,,3.6,224
2024,04,22,07,26,0.7,0.1,12.5,0.7,4.8,S,SW,,3.6,225
2024,04,22,06,26,0.7,0.1,11.8,0.7,5.0,SSE,SW,,3.7,228
2024,04,22,05,56,0.7,0.2,10.5,0.7,5.3,SSE,SW,,3.8,224
2024,04,22,05,26,0.7,0.2,12.5,0.7,5.3,SSE,SW,,3.8,225
2024,04,22,04,56,0.7,0.2,12.5,0.7,5.0,SSE,SW,,3.9,228
2024,04,22,04,26,0.7,0.1,12.5,0.7,4.8,S,SW,,4.2,224
2024,04,22,03,56,0.6,0.2,12.5,0.6,4.8,SSE,SW,,4.2,221
2024,04,22,03,26,0.6,0.2,12.5,0.6,4.5,SSE,SW,,4.1,225
2024,04,22,02,56,0.6,0.2,11.1,0.6,4.2,S,SW,,4.1,226
2024,04,22,02,26,0.7,0.1,10.5,0.7,4.3,SSE,SW,,4.0,231
2024,04,22,01,56,0.7,0.2,12.5,0.7,4.5,SSE,SW,,4.0,232
2024,04,22,01,26,0.7,0.2,12.5,0.7,4.3,SSE,WSW,,3.9,239
2024,04,22,00,56,0.8,0.2,10.5,0.8,4.5,SSE,WSW,VERY_STEEP,3.9,246
2024,04,22,00,26,0.9,0.2,10.5,0.9,4.5,SE,WSW,VERY_STEEP,3.7,255
2024,04,21,23,56,1.0,0.2,12.5,1.0,4.5,SSE,WSW,VERY_STEEP,3.7,257
2024,04,21,23,26,1.0,0.2,11.8,0.9,4.3,SSE,WSW,VERY_STEEP,3.7,255
2024,04,21,22,56,1.0,0.2,11.1,1.0,4.5,S,WSW,VERY_STEEP,3.7,255
2024,04,21,22,26,1.1,0.2,11.8,1.0,4.5,SSE,WSW,VERY_STEEP,3.8,256
2024,04,21,21,56,1.1,0.2,11.8,1.1,4.8,SSE,W,VERY_STEEP,3.8,260
2024,04,21,20,56,1.2,0.2,10.5,1.1,4.3,SSE,W,VERY_STEEP,3.8,259
2024,04,21,20,26,1.0,0.2,11.1,1.0,4.2,S,W,VERY_STEEP,3.6,262
2024,04,21,19,56,0.9,0.2,10.5,0.8,3.9,SSE,W,VERY_STEEP,3.5,259
2024,04,21,19,26,0.7,0.2,12.5,0.7,3.3,SSE,WSW,,3.5,256
2024,04,21,18,56,0.7,0.2,11.1,0.6,3.1,SSE,WSW,,3.6,245
2024,04,21,18,26,0.6,0.2,13.3,0.5,8.3,S,SSE,,3.7,167
2024,04,21,17,56,0.5,0.1,11.8,0.5,8.3,SE,SSE,,3.8,160
2024,04,21,17,26,0.5,0.2,12.5,0.5,7.7,SE,SSE,,4.2,144
2024,04,21,16,56,0.5,0.2,10.5,0.4,7.7,SSE,SSE,,4.4,158
2024,04,21,16,26,0.5,0.2,11.8,0.4,7.1,SSE,SSE,,5.0,156
2024,04,21,15,56,0.5,0.2,11.1,0.4,9.9,S,SSE,,5.3,156
2024,04,21,15,26,0.5,0.2,10.5,0.5,7.7,SSE,SSE,,5.8,159
2024,04,21,14,56,0.5,0.2,13.3,0.4,7.1,SSE,SSE,,5.2,156
2024,04,21,14,26,0.5,0.2,12.5,0.5,8.3,SSE,SSE,,4.9,160
2024,04,21,13,56,0.5,0.2,11.1,0.5,8.3,SSE,S,,4.3,172
2024,04,21,13,26,0.5,0.2,12.5,0.5,7.7,SSE,SSE,,4.2,155
2024,04,21,12,56,0.5,0.2,12.5,0.5,6.7,SSE,SSE,,4.0,156
2024,04,21,12,26,0.6,0.2,13.3,0.5,8.3,SSE,SSE,,4.0,163
2024,04,21,11,56,0.6,0.2,12.5,0.6,7.7,SSE,SSE,,4.1,160
2024,04,21,11,26,0.5,0.1,13.3,0.5,7.7,SSE,SSE,,3.9,151
2024,04,21,10,56,0.6,0.2,12.5,0.5,7.7,SSE,SSE,,4.2,152
2024,04,21,10,26,0.6,0.2,11.8,0.5,7.7,S,SSE,,4.2,160
2024,04,21,09,56,0.6,0.2,13.3,0.6,7.7,SSE,SSE,,4.2,160
2024,04,21,09,26,0.7,0.2,13.3,0.6,8.3,S,SSE,,4.2,162
2024,04,21,08,56,0.6,0.2,12.5,0.6,7.7,S,SSE,,4.1,156
2024,04,21,08,26,0.6,0.2,13.3,0.6,8.3,SE,SSE,,4.0,155
2024,04,21,07,56,0.6,0.2,13.3,0.6,7.7,SSE,SSE,,3.9,152
2024,04,21,07,26,0.7,0.2,12.5,0.7,8.3,SSE,SSE,,3.9,159
2024,04,21,06,56,0.7,0.1,11.8,0.7,3.0,S,W,,3.8,279
2024,04,21,06,26,0.7,0.1,10.5,0.7,8.3,SSE,SSE,,3.8,153
2024,04,21,05,56,0.7,0.2,13.3,0.7,7.1,SSE,SSE,,3.8,156
2024,04,21,05,26,0.8,0.2,13.3,0.8,8.3,SSE,SSE,,4.1,159
2024,04,21,04,56,0.7,0.2,13.3,0.7,7.7,SSE,SSE,,3.9,151
2024,04,21,04,26,0.8,0.1,11.8,0.7,6.7,SSE,SSE,,4.2,156
2024,04,21,03,56,0.8,0.2,13.3,0.8,8.3,SSE,SSE,AVERAGE,3.9,156
2024,04,21,03,26,0.9,0.2,13.3,0.9,7.7,SSE,SSE,AVERAGE,3.7,160
2024,04,21,02,56,0.8,0.1,11.1,0.8,8.3,SSE,SSE,AVERAGE,3.9,158
2024,04,21,01,56,0.8,0.2,13.3,0.7,7.7,SSE,SSE,,4.9,155
2024,04,21,01,26,0.7,0.2,11.8,0.7,6.7,S,SSE,,4.8,148
2024,04,21,00,56,0.8,0.2,13.3,0.7,7.1,SSE,SSE,,4.8,152
2024,04,21,00,26,0.8,0.2,13.3,0.8,8.3,SSE,SSE,AVERAGE,4.8,149
2024,04,20,23,56,0.9,0.2,13.3,0.8,8.3,SSE,SSE,AVERAGE,4.7,155
2024,04,20,23,26,0.8,0.2,13.3,0.8,8.3,SSE,SSE,AVERAGE,4.5,155
2024,04,20,22,56,0.8,0.2,13.3,0.8,7.7,SSE,SSE,,4.5,152
2024,04,20,22,26,0.8,0.1,13.3,0.8,8.3,SE,SSE,AVERAGE,4.9,153
2024,04,20,21,56,0.8,0.1,11.8,0.8,8.3,SSE,SSE,AVERAGE,5.0,153
2024,04,20,21,26,0.8,0.2,13.3,0.8,7.7,SSE,SSE,AVERAGE,5.3,151
2024,04,20,20,56,0.9,0.1,10.5,0.8,8.3,S,SSE,AVERAGE,5.5,153
2024,04,20,20,26,0.8,0.1,10.5,0.8,8.3,SSE,SSE,AVERAGE,5.2,152
2024,04,20,19,56,0.9,0.2,10.5,0.8,7.1,SSE,SSE,AVERAGE,5.4,149
2024,04,20,19,26,0.8,0.2,10.5,0.8,7.7,SSE,SE,,5.2,146
2024,04,20,18,56,0.9,0.1,10.5,0.9,8.3,SSE,SSE,AVERAGE,5.7,152
2024,04,20,17,56,0.9,0.2,10.5,0.9,7.1,SSE,SSE,AVERAGE,5.8,152
2024,04,20,17,26,0.9,0.2,10.5,0.9,9.1,SSE,SSE,AVERAGE,5.8,153
2024,04,20,16,56,0.9,0.2,11.1,0.9,8.3,SSE,SSE,AVERAGE,5.9,148
2024,04,20,16,26,0.8,0.1,10.5,0.8,8.3,SSE,SSE,AVERAGE,5.8,152
2024,04,20,15,56,0.8,0.2,10.5,0.8,9.1,SSE,SSE,AVERAGE,6.1,152
2024,04,20,15,26,0.9,0.2,10.5,0.9,8.3,SSE,SSE,AVERAGE,6.5,153
2024,04,20,14,56,0.9,0.2,10.5,0.9,7.7,SSE,SSE,AVERAGE,6.5,151
2024,04,20,14,26,0.8,0.2,10.5,0.8,8.3,SSE,SSE,AVERAGE,6.3,156
2024,04,20,13,56,0.8,0.2,14.3,0.8,8.3,SSE,SSE,AVERAGE,6.4,155
2024,04,20,13,26,0.8,0.2,10.5,0.8,8.3,SSE,SSE,AVERAGE,6.5,151
2024,04,20,12,56,0.8,0.2,10.5,0.8,8.3,SSE,SSE,AVERAGE,6.1,151
2024,04,20,12,26,0.9,0.2,10.5,0.9,8.3,SSE,SSE,AVERAGE,6.6,152
2024,04,20,11,56,0.9,0.2,10.5,0.8,8.3,SSE,SE,AVERAGE,6.3,146
2024,04,20,11,26,0.8,0.1,11.1,0.8,8.3,SSE,SSE,AVERAGE,6.2,152
2024,04,20,10,56,0.8,0.2,10.5,0.8,9.1,SSE,SSE,AVERAGE,6.4,148
2024,04,20,10,26,0.9,0.2,10.5,0.9,8.3,SSE,SSE,AVERAGE,6.4,151
2024,04,20,09,56,0.8,0.2,10.5,0.8,9.1,SSE,SSE,AVERAGE,6.2,152
2024,04,20,09,26,0.8,0.2,10.5,0.8,8.3,SSE,SSE,AVERAGE,6.1,148
2024,04,20,08,56,0.8,0.2,14.3,0.8,7.7,SSE,SE,AVERAGE,5.9,146
2024,04,20,08,26,0.8,0.2,11.1,0.8,8.3,SSE,SSE,AVERAGE,5.9,148
2024,04,20,07,56,0.8,0.2,11.1,0.8,9.1,SSE,SSE,AVERAGE,5.9,151
2024,04,20,07,26,0.8,0.2,10.5,0.8,8.3,SSE,SSE,AVERAGE,5.8,149
2024,04,20,06,56,0.9,0.2,10.5,0.8,8.3,SSE,SE,AVERAGE,5.8,146
2024,04,20,06,26,0.8,0.2,10.5,0.8,7.7,SSE,SE,AVERAGE,5.4,144
2024,04,20,05,56,0.8,0.2,10.5,0.8,7.7,SE,SE,,5.3,144
2024,04,20,05,26,0.8,0.2,10.5,0.8,6.7,SSE,SE,AVERAGE,5.5,146
2024,04,20,04,56,0.9,0.2,10.5,0.8,8.3,SSE,SE,AVERAGE,5.8,146
2024,04,20,04,26,0.9,0.2,10.5,0.9,8.3,SSE,SSE,AVERAGE,5.5,149
2024,04,20,03,56,0.9,0.2,10.5,0.9,8.3,SSE,SSE,AVERAGE,5.6,151
2024,04,20,03,26,0.9,0.2,14.3,0.9,8.3,SSE,SSE,AVERAGE,5.4,148
2024,04,20,02,56,0.9,0.2,11.8,0.9,8.3,SSE,SSE,AVERAGE,5.5,153
2024,04,20,02,26,1.0,0.2,11.1,1.0,8.3,SSE,SSE,AVERAGE,5.6,149
2024,04,20,01,56,1.0,0.2,11.1,1.0,8.3,SSE,SSE,AVERAGE,5.8,151
2024,04,20,01,26,1.0,0.2,10.5,1.0,8.3,SSE,SSE,AVERAGE,5.5,151
2024,04,20,00,56,1.0,0.2,10.5,1.0,8.3,SSE,SSE,AVERAGE,5.4,151
2024,04,20,00,26,1.0,0.2,10.5,1.0,7.7,SSE,SSE,AVERAGE,5.2,148
2024,04,19,23,56,1.0,0.2,10.5,1.0,7.7,SSE,SSE,AVERAGE,5.2,151
2024,04,19,23,26,1.0,0.2,10.5,1.0,8.3,SE,SSE,AVERAGE,5.2,149
2024,04,19,22,56,1.0,0.2,10.5,1.0,8.3,SSE,SSE,AVERAGE,5.1,148
2024,04,19,22,26,1.1,0.1,11.8,1.1,7.7,SSE,SSE,AVERAGE,5.0,148
2024,04,19,21,56,1.0,0.2,10.5,1.0,8.3,SSE,SE,AVERAGE,4.8,146
2024,04,19,21,26,1.0,0.1,10.5,1.0,7.7,SSE,SSE,AVERAGE,4.7,148
2024,04,19,20,56,1.1,0.2,11.1,1.0,7.7,SSE,SSE,AVERAGE,5.2,148
2024,04,19,20,26,1.0,0.2,10.5,1.0,8.3,SSE,SSE,AVERAGE,5.2,148
2024,04,19,19,56,1.1,0.2,10.5,1.0,8.3,SSE,SSE,AVERAGE,5.2,149
2024,04,19,19,26,1.0,0.2,11.1,1.0,8.3,SSE,SE,AVERAGE,4.9,146
2024,04,19,18,56,1.0,0.2,10.5,1.0,8.3,SE,SSE,AVERAGE,4.7,148
2024,04,19,18,26,1.0,0.1,10.5,1.0,7.7,SSE,SE,AVERAGE,5.3,141
2024,04,19,17,56,1.0,0.2,10.5,1.0,7.7,SSE,SE,AVERAGE,5.2,146
2024,04,19,17,26,1.0,0.2,11.8,1.0,8.3,SE,SE,AVERAGE,5.1,142
2024,04,19,16,56,1.0,0.2,10.5,1.0,7.7,SE,SE,AVERAGE,5.3,142
2024,04,19,16,26,1.1,0.2,11.1,1.1,7.7,SSE,SE,AVERAGE,5.6,144
2024,04,19,15,56,1.1,0.2,10.5,1.1,8.3,SE,SE,AVERAGE,5.7,146
2024,04,19,15,26,1.0,0.2,11.1,1.0,8.3,SSE,SE,AVERAGE,5.3,146
2024,04,19,14,56,1.1,0.2,10.5,1.0,8.3,SSE,SSE,AVERAGE,5.3,148
2024,04,19,14,26,1.0,0.2,10.5,1.0,7.1,SSE,SSE,AVERAGE,5.2,149
2024,04,19,13,56,1.0,0.2,10.5,1.0,8.3,SSE,SSE,AVERAGE,5.4,151
2024,04,19,13,26,1.0,0.2,11.1,1.0,7.7,SSE,SSE,AVERAGE,5.4,151
2024,04,19,12,56,1.1,0.2,10.5,1.1,7.7,SSE,SSE,AVERAGE,5.4,151
2024,04,19,12,26,1.1,0.2,11.8,1.1,8.3,SSE,SSE,AVERAGE,5.6,149
2024,04,19,11,56,1.1,0.2,10.5,1.1,8.3,SSE,SSE,AVERAGE,5.4,151
2024,04,19,11,26,1.1,0.2,11.1,1.1,6.7,SSE,SSE,STEEP,5.4,149
2024,04,19,10,56,1.1,0.1,10.5,1.1,7.1,SSE,SSE,AVERAGE,5.3,148
2024,04,19,09,56,1.2,0.2,11.8,1.2,7.7,SE,SE,AVERAGE,5.4,145
2024,04,19,08,56,1.1,0.2,11.1,1.1,7.7,SSE,SE,AVERAGE,5.3,146
2024,04,19,08,26,1.1,0.2,11.8,1.1,7.7,SSE,SE,AVERAGE,5.2,146
2024,04,19,07,56,1.1,0.2,10.5,1.1,7.1,SSE,SE,AVERAGE,5.4,142
2024,04,19,07,26,1.1,0.1,11.1,1.1,7.7,SE,SE,AVERAGE,5.3,144
2024,04,19,06,56,1.1,0.2,11.8,1.1,7.1,SE,SE,AVERAGE,5.5,144
2024,04,19,06,26,1.0,0.2,10.5,1.0,7.1,SE,SE,AVERAGE,5.3,145
2024,04,19,05,56,1.1,0.2,11.1,1.0,7.1,SSE,SE,AVERAGE,5.2,146
2024,04,19,05,26,1.0,0.2,11.8,1.0,7.1,SE,SSE,AVERAGE,5.1,151
2024,04,19,04,56,1.0,0.1,11.8,1.0,7.1,SE,SSE,AVERAGE,4.9,153
2024,04,19,04,26,0.9,0.1,10.5,0.9,5.9,SE,SE,STEEP,4.8,142
2024,04,19,03,56,0.8,0.2,10.5,0.8,7.1,SSE,SSE,AVERAGE,4.7,159
2024,04,19,03,26,0.9,0.1,11.8,0.9,6.2,SSE,SSE,STEEP,4.8,152
2024,04,19,02,56,0.9,0.2,11.1,0.9,5.9,SSE,SE,STEEP,4.6,145
2024,04,19,01,56,0.9,0.1,11.1,0.9,6.2,SSE,SSE,STEEP,4.4,151
2024,04,19,01,26,1.0,0.1,11.8,0.9,6.2,SE,SSE,STEEP,4.3,153
2024,04,19,00,56,1.0,0.2,10.5,1.0,6.2,SE,SE,STEEP,4.3,146
2024,04,19,00,26,1.0,0.2,10.5,1.0,6.7,SSE,SSE,AVERAGE,4.4,153
2024,04,18,23,56,1.0,0.1,11.1,1.0,6.2,SE,SSE,STEEP,4.3,152
2024,04,18,23,26,1.1,0.2,12.5,1.0,6.7,SE,SSE,AVERAGE,4.3,151
2024,04,18,22,56,1.1,0.2,11.8,1.1,6.7,SSE,SSE,STEEP,4.2,152
2024,04,18,22,26,1.1,0.1,11.1,1.0,6.2,SSE,SE,STEEP,4.3,146
2024,04,18,21,56,1.0,0.2,11.1,1.0,7.1,SE,SSE,AVERAGE,4.5,155
2024,04,18,21,26,1.1,0.2,12.5,1.1,6.2,SSE,SSE,STEEP,4.5,148
2024,04,18,20,56,1.2,0.2,11.1,1.2,5.9,SE,SE,STEEP,4.5,142
2024,04,18,20,26,1.2,0.1,12.5,1.2,5.9,SSE,SE,STEEP,4.5,142
2024,04,18,19,56,1.2,0.1,12.5,1.2,6.2,SSE,SSE,STEEP,4.4,148
2024,04,18,19,26,1.2,0.1,11.8,1.2,6.2,SE,SSE,STEEP,4.3,148
2024,04,18,18,56,1.3,0.2,10.5,1.2,5.9,SE,SSE,STEEP,4.2,148
2024,04,18,18,26,1.2,0.2,11.8,1.2,6.2,SE,SE,STEEP,4.2,146
2024,04,18,17,56,1.2,0.1,10.5,1.2,5.9,SE,SSE,STEEP,4.2,148
2024,04,18,17,26,1.2,0.2,10.5,1.2,5.9,SE,SE,STEEP,4.2,146
2024,04,18,16,56,1.1,0.1,12.5,1.1,5.6,SE,SE,STEEP,4.1,145
2024,04,18,16,26,1.2,0.2,12.5,1.2,5.6,SSE,SE,VERY_STEEP,4.2,144
2024,04,18,15,56,1.2,0.1,12.5,1.2,5.9,SE,SSE,STEEP,4.1,149
2024,04,18,15,26,1.2,0.2,12.5,1.2,5.3,SSE,SE,VERY_STEEP,4.0,141
2024,04,18,14,56,1.3,0.2,11.1,1.2,5.0,ESE,SE,VERY_STEEP,4.0,138
2024,04,18,14,26,1.3,0.2,11.1,1.3,5.0,SE,SE,VERY_STEEP,4.0,135
2024,04,18,13,26,1.2,0.2,10.5,1.2,3.9,SE,E,VERY_STEEP,3.9,100
2024,04,18,12,56,1.2,0.1,10.5,1.1,3.6,SSE,ENE,VERY_STEEP,3.8,69
2024,04,18,12,26,1.1,0.1,13.3,1.1,4.8,SSE,SSE,VERY_STEEP,3.8,153
2024,04,18,11,56,1.0,0.2,11.1,1.0,4.5,SE,SSE,VERY_STEEP,3.8,148
2024,04,18,11,26,1.0,0.2,11.8,1.0,4.2,SE,SE,VERY_STEEP,3.7,141
2024,04,18,10,56,0.9,0.2,10.5,0.9,4.3,SSE,SSE,VERY_STEEP,3.7,148
2024,04,18,10,26,0.9,0.1,11.1,0.9,4.0,SSE,SE,VERY_STEEP,3.6,146
2024,04,18,09,56,0.8,0.1,10.5,0.8,8.3,SSE,SSE,AVERAGE,3.8,165
2024,04,18,09,26,0.8,0.1,10.5,0.8,9.1,SSE,SSE,,3.9,160
2024,04,18,08,56,0.7,0.1,10.5,0.7,3.6,SSE,SE,,3.8,142
2024,04,18,08,26,0.7,0.1,10.5,0.7,9.1,SSE,SSE,,3.8,167
2024,04,18,07,56,0.7,0.1,11.8,0.7,8.3,SSE,SSE,,3.9,163
2024,04,18,07,26,0.7,0.1,10.5,0.7,8.3,SSE,SSE,,3.9,156
2024,04,18,06,56,0.7,0.1,11.8,0.7,8.3,SSE,SSE,,3.9,159
2024,04,18,06,26,0.7,0.1,11.1,0.7,8.3,SE,SSE,,3.7,163
2024,04,18,05,56,0.7,0.1,10.5,0.7,8.3,SSE,SSE,,3.8,160
2024,04,18,05,26,0.7,0.1,10.5,0.7,8.3,SE,S,,3.7,170
2024,04,18,04,56,0.7,0.1,10.5,0.7,3.9,SSE,SSE,,3.6,149
2024,04,18,04,26,0.7,0.1,10.5,0.7,8.3,SSE,S,,3.9,174
2024,04,18,03,56,0.7,0.1,11.1,0.7,9.1,SSE,SSE,,3.9,165
2024,04,18,03,26,0.7,0.1,12.5,0.7,9.1,SSE,S,,4.2,169
2024,04,18,02,56,0.7,0.1,10.5,0.7,8.3,SSE,SSE,,4.0,166
2024,04,18,02,26,0.8,0.1,10.5,0.8,8.3,SSE,SSE,,4.1,167
2024,04,18,01,56,0.7,0.1,10.5,0.7,9.1,SSE,S,,4.1,184
2024,04,18,01,26,0.8,0.1,10.5,0.7,3.5,SSE,SE,,3.9,136
2024,04,18,00,56,0.8,0.1,10.5,0.8,9.1,S,S,,4.0,172
2024,04,18,00,26,0.8,0.1,11.1,0.8,8.3,SSE,SSE,,4.1,167
2024,04,17,23,56,0.8,0.1,10.5,0.8,8.3,SSE,SSE,,4.1,163
2024,04,17,23,26,0.8,0.1,10.5,0.8,9.1,SSE,S,,4.1,170
2024,04,17,22,56,0.7,0.1,10.5,0.7,7.7,S,S,,4.2,172
2024,04,17,22,26,0.7,0.1,10.5,0.7,9.1,SSE,SSE,,4.1,167
2024,04,17,21,56,0.7,0.1,10.5,0.7,9.1,S,SSE,,4.1,166
2024,04,17,21,26,0.7,0.1,10.5,0.7,8.3,SSE,S,,4.1,170
2024,04,17,20,56,0.7,0.1,11.1,0.7,8.3,SSE,SSE,,4.3,163
2024,04,17,20,26,0.6,0.1,10.5,0.6,8.3,S,SSE,,4.4,162
2024,04,17,19,56,0.7,0.1,11.1,0.7,8.3,S,SSE,,4.5,165
2024,04,17,19,26,0.7,0.1,10.5,0.6,9.1,SSE,SSE,,4.4,166
2024,04,17,18,56,0.6,0.1,10.5,0.6,7.7,S,SSE,,4.3,167
2024,04,17,18,26,0.7,0.1,11.8,0.7,8.3,SSE,S,,4.3,170
2024,04,17,17,56,0.7,0.1,10.5,0.7,7.7,SSE,SSE,,4.4,166
2024,04,17,17,26,0.7,0.1,10.5,0.7,7.7,S,SSE,,4.5,166
2024,04,17,16,56,0.7,0.1,10.5,0.7,7.1,SSE,S,,4.1,170
2024,04,17,16,26,0.7,0.1,10.5,0.7,8.3,SSE,SSE,,4.5,162
2024,04,17,15,56,0.7,0.1,10.5,0.7,7.7,SE,SSE,,4.8,167
2024,04,17,15,26,0.6,0.1,10.5,0.6,8.3,SE,S,,4.9,169
2024,04,17,14,56,0.7,0.1,10.5,0.7,7.7,SSE,SSE,,5.4,165
2024,04,17,14,26,0.7,0.1,10.5,0.6,7.7,SSE,S,,5.1,169
2024,04,17,13,56,0.7,0.1,10.5,0.7,8.3,SSE,S,,4.7,174
2024,04,17,13,26,0.7,0.1,10.5,0.7,8.3,SSE,SSE,,4.5,163
2024,04,17,12,56,0.7,0.1,10.5,0.7,7.7,SSE,S,,4.2,170
2024,04,17,12,26,0.8,0.1,10.5,0.8,8.3,S,S,,4.3,173
2024,04,17,11,56,0.8,0.1,11.1,0.8,8.3,SSE,S,,4.4,169
2024,04,17,11,26,0.8,0.1,11.1,0.8,7.7,S,S,,4.1,169
2024,04,17,10,56,0.8,0.1,10.5,0.8,8.3,S,S,AVERAGE,4.3,174
2024,04,17,10,26,0.9,0.1,10.5,0.8,8.3,SSE,S,AVERAGE,4.6,176
2024,04,17,09,56,0.8,0.1,10.5,0.8,9.1,S,S,AVERAGE,4.7,173
2024,04,17,09,26,0.8,0.1,10.5,0.8,7.7,SSE,S,AVERAGE,4.5,177
2024,04,17,08,56,0.9,0.1,10.5,0.9,8.3,SSE,S,AVERAGE,4.7,173
2024,04,17,08,26,0.9,0.1,10.5,0.9,7.7,SSE,S,AVERAGE,4.4,172
2024,04,17,07,56,0.9,0.1,10.5,0.9,8.3,S,S,AVERAGE,4.3,170
2024,04,17,07,26,0.9,0.1,10.5,0.9,8.3,S,S,AVERAGE,4.4,174
2024,04,17,06,56,0.9,0.1,10.5,0.9,8.3,SSE,S,AVERAGE,4.7,176
2024,04,17,06,26,0.9,0.1,10.5,0.9,8.3,SSE,S,AVERAGE,5.0,174
2024,04,17,05,56,1.0,0.1,10.5,1.0,8.3,SSE,S,AVERAGE,4.7,176
2024,04,17,05,26,1.1,0.1,10.5,1.1,8.3,S,S,AVERAGE,4.5,184
2024,04,17,04,56,1.1,0.1,10.5,1.0,9.1,SSE,S,AVERAGE,4.7,179
2024,04,17,04,26,1.0,0.1,10.5,1.0,8.3,SSW,S,AVERAGE,4.8,170
2024,04,17,03,56,1.0,0.1,10.5,1.0,8.3,S,S,AVERAGE,4.9,177
2024,04,17,03,26,1.0,0.1,10.5,1.0,8.3,S,S,AVERAGE,5.2,174
2024,04,17,02,56,1.0,0.2,10.5,1.0,8.3,S,S,AVERAGE,5.4,172
2024,04,17,02,26,1.0,0.1,10.5,0.9,7.7,S,S,AVERAGE,5.4,174
2024,04,17,01,56,0.9,0.1,10.5,0.9,8.3,S,S,AVERAGE,5.1,170
2024,04,17,01,26,1.1,0.1,10.5,1.0,8.3,S,S,AVERAGE,5.6,172
2024,04,17,00,56,1.0,0.1,10.5,1.0,8.3,S,S,AVERAGE,5.5,169
2024,04,17,00,26,1.0,0.2,10.5,1.0,7.7,S,S,AVERAGE,5.5,174
2024,04,16,23,56,1.1,0.2,10.5,1.1,8.3,S,S,AVERAGE,6.1,173
2024,04,16,23,26,1.1,0.2,10.5,1.0,8.3,S,S,AVERAGE,6.5,170
2024,04,16,22,56,0.9,0.2,10.5,0.9,8.3,S,S,AVERAGE,6.2,176
2024,04,16,22,26,1.1,0.2,10.5,1.0,8.3,SSE,SSE,AVERAGE,6.6,166
2024,04,16,21,56,1.1,0.2,10.5,1.1,8.3,S,S,AVERAGE,6.6,172
2024,04,16,21,26,1.1,0.2,10.5,1.1,8.3,SSE,S,AVERAGE,6.8,180
2024,04,16,20,56,1.1,0.2,10.5,1.1,9.1,S,S,AVERAGE,6.3,179
2024,04,16,20,26,1.2,0.2,10.5,1.1,9.1,S,S,AVERAGE,6.7,174
2024,04,16,19,56,1.1,0.2,10.5,1.1,9.1,SSE,S,AVERAGE,6.3,179
2024,04,16,19,26,1.1,0.2,10.5,1.1,8.3,SSE,S,AVERAGE,6.5,180
2024,04,16,18,56,1.0,0.2,10.5,1.0,8.3,S,S,AVERAGE,6.1,170
2024,04,16,18,26,1.1,0.2,10.5,1.0,8.3,S,S,AVERAGE,6.1,177
2024,04,16,17,56,1.0,0.2,10.5,1.0,7.7,S,S,AVERAGE,6.3,174
2024,04,16,17,26,1.1,0.1,11.1,1.1,7.7,S,S,AVERAGE,6.6,176
2024,04,16,16,56,1.1,0.2,11.1,1.1,8.3,S,S,AVERAGE,6.7,180
2024,04,16,16,26,1.1,0.2,10.5,1.1,8.3,SSE,S,AVERAGE,6.7,172
2024,04,16,15,56,1.1,0.2,10.5,1.1,8.3,SSE,SSE,AVERAGE,6.7,163
2024,04,16,15,26,1.0,0.2,10.5,1.0,9.1,S,S,AVERAGE,6.5,173
2024,04,16,14,56,1.0,0.2,10.5,1.0,8.3,S,S,AVERAGE,6.3,174
2024,04,16,14,26,1.2,0.2,10.5,1.2,9.1,SSE,S,AVERAGE,7.1,177
2024,04,16,13,56,1.0,0.2,10.5,1.0,9.1,SSE,S,AVERAGE,6.7,176
2024,04,16,13,26,1.1,0.2,10.5,1.1,9.1,S,S,AVERAGE,6.8,174
2024,04,16,12,56,0.9,0.1,11.1,0.9,8.3,S,S,AVERAGE,6.5,169
2024,04,16,12,26,1.0,0.2,10.5,1.0,9.1,S,S,AVERAGE,6.8,170
2024,04,16,11,56,1.0,0.2,10.5,1.0,7.1,S,SSW,AVERAGE,6.6,194
2024,04,16,11,26,1.0,0.2,10.5,1.0,8.3,S,S,AVERAGE,6.7,174
2024,04,16,10,56,1.1,0.2,10.5,1.0,8.3,S,S,AVERAGE,6.9,176
2024,04,16,10,26,1.0,0.2,11.1,1.0,7.7,SSE,S,AVERAGE,6.7,184
2024,04,16,09,56,1.2,0.2,10.5,1.1,7.7,S,S,AVERAGE,6.8,183
2024,04,16,09,26,1.1,0.2,10.5,1.1,7.7,SSE,S,AVERAGE,6.8,187
2024,04,16,08,56,1.0,0.2,10.5,1.0,7.1,SSE,S,AVERAGE,6.6,187
2024,04,16,08,26,1.0,0.2,10.5,1.0,7.7,SSE,S,AVERAGE,6.7,190
2024,04,16,07,56,1.1,0.2,11.1,1.1,7.7,SSE,S,AVERAGE,6.6,186
2024,04,16,07,26,1.1,0.2,10.5,1.1,7.7,SSE,S,AVERAGE,6.6,190
2024,04,16,06,56,1.2,0.2,10.5,1.2,7.7,SSE,S,AVERAGE,6.7,186
2024,04,16,06,26,1.0,0.2,10.5,1.0,7.7,S,S,AVERAGE,6.3,183
2024,04,16,05,56,1.1,0.2,11.1,1.1,7.7,SSE,S,AVERAGE,6.3,184
2024,04,16,05,26,1.1,0.2,10.5,1.1,7.7,SSE,S,AVERAGE,6.3,184
2024,04,16,04,56,1.2,0.1,10.5,1.2,7.7,SE,S,AVERAGE,6.4,177
2024,04,16,04,26,1.2,0.2,10.5,1.2,7.7,SSE,S,AVERAGE,6.3,181
2024,04,16,03,56,1.2,0.2,10.5,1.2,8.3,SSE,S,AVERAGE,6.1,189
2024,04,16,03,26,1.4,0.2,11.1,1.4,8.3,SSE,S,AVERAGE,6.5,184
2024,04,16,02,56,1.4,0.2,11.1,1.4,8.3,SSE,S,AVERAGE,6.6,186
2024,04,16,02,26,1.4,0.2,10.5,1.4,8.3,SSE,S,AVERAGE,6.6,186
2024,04,16,01,56,1.3,0.2,10.5,1.3,8.3,SSE,S,AVERAGE,6.3,183
2024,04,16,01,26,1.3,0.2,11.1,1.3,8.3,SSE,S,AVERAGE,6.3,177
2024,04,16,00,56,1.4,0.2,10.5,1.4,8.3,SSE,S,AVERAGE,6.5,183
2024,04,16,00,26,1.6,0.2,10.5,1.6,8.3,SSE,S,AVERAGE,6.7,179
2024,04,15,23,56,1.4,0.2,10.5,1.4,8.3,SSE,S,AVERAGE,6.1,181
2024,04,15,23,26,1.4,0.2,10.5,1.4,8.3,SSE,S,AVERAGE,6.1,179
2024,04,15,22,56,1.6,0.2,10.5,1.6,8.3,SSE,S,AVERAGE,6.3,183
2024,04,15,22,26,1.4,0.2,10.5,1.4,8.3,SSE,S,AVERAGE,6.0,181
2024,04,15,21,56,1.6,0.2,10.5,1.5,8.3,SSE,S,AVERAGE,6.2,186
2024,04,15,20,56,1.6,0.2,10.5,1.6,8.3,SSE,S,AVERAGE,6.5,187
2024,04,15,20,26,1.5,0.2,10.5,1.5,8.3,S,S,AVERAGE,6.5,186
2024,04,15,19,56,1.5,0.2,10.5,1.5,8.3,SSE,S,AVERAGE,6.3,183
2024,04,15,19,26,1.5,0.2,10.5,1.5,7.7,SSE,SSW,AVERAGE,6.3,196
2024,04,15,18,56,1.4,0.2,11.1,1.4,7.7,S,SSW,AVERAGE,6.3,201
2024,04,15,18,26,1.3,0.2,11.1,1.3,7.7,SSE,SSW,AVERAGE,6.2,196
2024,04,15,17,56,1.3,0.2,10.5,1.3,7.7,SSE,SSW,AVERAGE,6.3,196
2024,04,15,17,26,1.3,0.2,10.5,1.3,7.7,SSE,S,AVERAGE,6.1,190
2024,04,15,16,56,1.2,0.2,10.5,1.2,7.7,SSE,SSW,AVERAGE,6.2,194
2024,04,15,16,26,1.4,0.2,11.1,1.4,7.7,SSE,SSW,AVERAGE,6.3,200
2024,04,15,15,56,1.4,0.2,10.5,1.4,8.3,SSE,S,AVERAGE,6.5,191
2024,04,15,15,26,1.4,0.2,10.5,1.3,8.3,SE,SSW,AVERAGE,6.2,193
2024,04,15,14,56,1.3,0.2,11.1,1.3,8.3,SSE,SSW,AVERAGE,6.1,194
2024,04,15,14,26,1.3,0.2,10.5,1.3,8.3,SE,SSW,AVERAGE,6.1,201
2024,04,15,13,56,1.4,0.2,11.1,1.4,8.3,SE,SSW,AVERAGE,6.1,201
2024,04,15,13,26,1.4,0.2,10.5,1.4,7.7,SSE,SSW,AVERAGE,5.9,207
2024,04,15,12,56,1.4,0.3,11.1,1.4,7.7,SSE,SW,AVERAGE,5.9,214
2024,04,15,12,26,1.4,0.3,11.1,1.4,7.7,SSE,SSW,AVERAGE,5.9,204
2024,04,15,11,56,1.3,0.3,11.1,1.3,7.7,SSE,SSW,AVERAGE,5.8,212
2024,04,15,11,26,1.5,0.3,10.5,1.4,7.1,SSE,SSW,STEEP,5.8,208
2024,04,15,10,56,1.5,0.2,11.1,1.5,7.7,SSE,SW,AVERAGE,6.0,215
2024,04,15,10,26,1.5,0.3,10.5,1.5,6.7,SSE,SSW,STEEP,5.8,208
2024,04,15,09,56,1.5,0.3,10.5,1.5,6.7,SSE,SSW,STEEP,5.8,208
2024,04,15,09,26,1.5,0.3,10.5,1.5,6.2,SSE,SSW,STEEP,5.7,205
2024,04,15,08,56,1.4,0.2,11.1,1.3,6.2,SE,SSW,STEEP,5.4,208
2024,04,15,08,26,1.6,0.3,11.8,1.5,6.2,SSE,SSW,STEEP,5.6,203
2024,04,15,07,56,1.5,0.3,10.5,1.5,6.7,SSE,SSW,STEEP,5.4,203
2024,04,15,07,26,1.6,0.3,10.5,1.6,6.7,SSE,SSW,STEEP,5.5,211
2024,04,15,06,56,1.7,0.3,10.5,1.7,6.7,SSE,SSW,STEEP,5.5,205
2024,04,15,06,26,1.8,0.3,10.5,1.8,6.7,SSE,SSW,STEEP,5.6,207
2024,04,15,05,56,1.6,0.4,10.5,1.6,6.7,SE,SSW,STEEP,5.6,210
2024,04,15,05,26,1.9,0.3,11.1,1.9,7.1,SSE,SSW,STEEP,5.6,204
2024,04,15,04,56,1.7,0.3,10.5,1.7,6.7,SE,SSW,STEEP,5.5,212
2024,04,15,04,26,1.7,0.3,10.5,1.7,5.6,SSE,SSW,VERY_STEEP,5.2,201
2024,04,15,03,56,1.7,0.3,11.1,1.6,5.9,SSE,SSW,VERY_STEEP,5.1,207
2024,04,15,03,26,1.6,0.3,10.5,1.6,6.2,SSE,SSW,STEEP,4.9,196
2024,04,15,02,56,1.6,0.3,10.5,1.6,5.6,SSE,SSW,VERY_STEEP,4.7,201
2024,04,15,02,26,1.8,0.3,10.5,1.8,5.6,SSE,SSW,VERY_STEEP,4.8,207
2024,04,15,01,56,1.7,0.4,10.5,1.7,5.0,SSE,SSW,VERY_STEEP,4.6,207
2024,04,15,01,26,1.6,0.3,10.5,1.6,5.0,SSE,SSW,VERY_STEEP,4.6,198
2024,04,15,00,56,1.4,0.4,10.5,1.4,5.0,SSE,SSW,VERY_STEEP,4.7,204
2024,04,15,00,26,1.5,0.3,10.5,1.4,9.9,SSE,S,AVERAGE,4.7,169
2024,04,14,23,56,1.5,0.3,10.5,1.5,5.6,S,SSW,VERY_STEEP,4.8,203
2024,04,14,23,26,1.5,0.3,10.5,1.4,5.0,SSE,SSW,VERY_STEEP,5.0,208
2024,04,14,22,56,1.3,0.4,10.5,1.2,9.1,SSE,S,AVERAGE,5.1,166
2024,04,14,22,26,1.2,0.4,10.5,1.1,9.9,SSE,SSE,AVERAGE,5.5,163
2024,04,14,21,56,1.1,0.4,10.5,1.1,9.9,SSE,S,AVERAGE,5.8,169
2024,04,14,21,26,1.1,0.4,10.5,1.0,9.1,SSE,S,AVERAGE,5.4,165
2024,04,14,20,56,1.1,0.4,10.5,1.0,9.9,SSE,SSE,AVERAGE,5.5,166
2024,04,14,20,26,1.1,0.4,10.5,1.1,9.9,S,SSE,AVERAGE,6.1,160
2024,04,14,19,56,1.1,0.4,11.1,1.1,9.9,SSE,S,AVERAGE,6.1,170
2024,04,14,19,26,1.1,0.4,10.5,1.1,9.9,SSE,S,AVERAGE,5.8,169
2024,04,14,18,56,1.2,0.4,10.5,1.1,9.1,SSE,S,AVERAGE,5.7,169
2024,04,14,18,26,1.2,0.4,10.5,1.1,9.1,S,S,AVERAGE,5.7,169
2024,04,14,17,56,1.2,0.5,10.5,1.2,9.9,S,SSE,AVERAGE,5.6,173
2024,04,14,17,26,1.3,0.4,10.5,1.2,9.1,SSE,S,AVERAGE,5.5,169
2024,04,14,16,56,1.4,0.5,10.5,1.4,9.9,SSE,SSE,AVERAGE,5.4,163
2024,04,14,16,26,1.5,0.4,11.1,1.5,9.9,SSE,SSE,AVERAGE,5.0,165
2024,04,14,15,56,1.6,0.4,10.5,1.5,7.1,SSE,SSW,STEEP,4.9,200
2024,04,14,15,26,1.4,0.4,10.5,1.4,9.1,S,SSE,AVERAGE,5.0,167
2024,04,14,14,56,1.5,0.4,10.5,1.4,7.1,SSE,SSW,STEEP,5.3,196
2024,04,14,14,26,1.6,0.4,10.5,1.6,9.9,SSE,SSE,AVERAGE,5.5,166
2024,04,14,13,56,1.6,0.5,11.1,1.5,9.9,SSE,S,AVERAGE,5.6,172
2024,04,14,13,26,1.5,0.5,10.5,1.4,9.1,SSE,S,AVERAGE,5.7,159
2024,04,14,12,56,1.5,0.5,10.5,1.5,9.9,SSE,S,AVERAGE,5.8,172
2024,04,14,12,26,1.5,0.5,10.5,1.5,9.9,SSE,S,AVERAGE,5.9,169
2024,04,14,11,56,1.5,0.6,10.5,1.4,9.1,SSE,S,AVERAGE,5.7,163
2024,04,14,11,26,1.6,0.5,10.5,1.5,9.1,SSE,S,AVERAGE,6.2,173
2024,04,14,10,56,1.5,0.6,10.5,1.5,9.9,SSE,S,AVERAGE,6.3,169
2024,04,14,10,26,1.6,0.6,10.5,1.5,9.9,S,S,AVERAGE,6.0,177
2024,04,14,09,56,1.7,0.6,11.1,1.6,9.1,S,S,AVERAGE,6.0,179
2024,04,14,09,26,1.9,0.7,10.5,1.8,9.9,S,S,AVERAGE,6.2,176
2024,04,14,08,56,1.9,0.6,10.5,1.8,9.9,S,S,AVERAGE,6.0,180
2024,04,14,08,26,1.8,0.7,10.5,1.7,9.9,S,S,AVERAGE,5.7,176
2024,04,14,07,56,1.9,0.7,10.5,1.8,9.9,S,S,AVERAGE,5.8,180
2024,04,14,07,26,1.9,0.6,10.5,1.8,9.9,S,S,AVERAGE,5.8,179
2024,04,14,06,56,1.9,0.7,11.1,1.8,9.9,S,S,AVERAGE,5.8,172
2024,04,14,06,26,1.8,0.6,10.5,1.7,8.3,S,S,AVERAGE,5.4,186
2024,04,14,05,56,1.8,0.6,11.1,1.8,8.3,S,S,AVERAGE,5.5,186
2024,04,14,05,26,1.8,0.7,10.5,1.7,7.7,S,S,AVERAGE,5.5,176
2024,04,14,04,56,1.8,0.6,11.1,1.7,9.9,SSE,S,AVERAGE,5.3,176
2024,04,14,04,26,1.8,0.6,10.5,1.7,9.9,S,S,AVERAGE,5.3,173
2024,04,14,03,56,1.9,0.5,10.5,1.8,9.9,S,S,AVERAGE,5.3,177
2024,04,14,03,26,1.9,0.5,10.5,1.9,9.9,S,S,AVERAGE,5.3,172
2024,04,14,02,56,1.9,0.6,10.5,1.8,9.9,S,S,AVERAGE,5.4,190
2024,04,14,02,26,2.0,0.7,10.5,1.9,7.7,S,SSW,STEEP,5.5,197
2024,04,14,01,56,2.1,0.8,10.5,2.0,9.9,S,S,AVERAGE,5.9,179
2024,04,14,01,26,2.3,0.8,10.5,2.1,9.9,S,S,AVERAGE,6.0,173
2024,04,14,00,56,2.2,0.8,10.5,2.0,7.7,S,SSW,AVERAGE,6.0,181
2024,04,14,00,26,2.2,1.0,10.5,2.0,7.7,S,SSW,AVERAGE,6.2,179
2024,04,13,23,56,2.1,0.8,11.1,2.0,7.7,S,SSW,AVERAGE,5.8,174
2024,04,13,23,26,2.3,1.0,10.5,2.0,7.1,S,SSW,AVERAGE,6.2,174
2024,04,13,22,56,2.5,1.1,11.1,2.3,7.7,S,SSW,AVERAGE,6.2,181
2024,04,13,22,26,2.6,1.1,11.1,2.4,7.7,S,SSW,STEEP,6.6,204
2024,04,13,21,56,2.6,1.1,10.5,2.4,7.1,S,SSW,AVERAGE,6.4,180
2024,04,13,21,26,2.6,1.1,11.1,2.4,9.9,S,S,AVERAGE,6.3,169
2024,04,13,20,56,2.7,1.1,10.5,2.5,5.9,S,WSW,VERY_STEEP,6.2,242
2024,04,13,20,26,2.6,1.3,11.8,2.3,9.9,S,S,AVERAGE,6.2,177
2024,04,13,19,56,2.6,1.2,11.1,2.4,9.9,S,S,AVERAGE,6.2,180
2024,04,13,19,26,2.6,1.3,11.1,2.3,7.7,S,S,AVERAGE,6.2,172
2024,04,13,18,56,2.7,1.4,10.5,2.3,9.9,S,S,AVERAGE,6.2,174
2024,04,13,18,26,2.7,1.7,10.5,2.1,9.1,S,S,AVERAGE,6.7,174
2024,04,13,17,56,2.9,1.7,11.1,2.4,9.9,S,S,AVERAGE,6.7,174
2024,04,13,17,26,2.8,1.6,11.1,2.4,9.9,S,S,AVERAGE,6.8,181
2024,04,13,16,56,2.8,1.7,11.8,2.4,9.9,S,S,AVERAGE,6.9,181
2024,04,13,16,26,2.7,1.7,11.1,2.1,9.9,S,S,AVERAGE,7.0,180
2024,04,13,15,56,2.6,1.5,11.8,2.1,9.9,S,S,AVERAGE,6.7,180
2024,04,13,15,26,2.6,1.6,11.1,2.2,9.9,S,S,AVERAGE,7.0,170
2024,04,13,14,56,2.7,1.9,11.1,1.9,9.1,S,S,SWELL,7.4,184
2024,04,13,14,26,2.7,1.9,11.8,2.0,9.9,S,S,AVERAGE,7.8,184
2024,04,13,13,56,2.6,1.7,10.5,2.0,9.1,S,S,AVERAGE,7.3,174
2024,04,13,13,26,2.8,2.1,12.5,1.9,9.1,S,S,SWELL,7.8,176
2024,04,13,12,56,2.8,2.1,12.5,2.0,9.9,S,S,SWELL,8.0,174
2024,04,13,12,26,2.9,2.2,12.5,2.0,9.9,S,S,SWELL,8.0,177
2024,04,13,11,56,2.9,2.0,11.8,2.0,9.9,S,S,SWELL,7.8,180
2024,04,13,11,26,2.6,1.9,11.1,1.9,9.9,S,S,SWELL,7.8,174
2024,04,13,10,56,2.9,2.1,12.5,2.0,9.9,S,S,SWELL,8.1,172
2024,04,13,10,26,3.0,2.4,11.8,1.9,9.1,S,S,SWELL,8.4,170
2024,04,13,09,56,2.8,2.2,12.5,1.9,9.9,S,S,SWELL,8.4,180
2024,04,13,09,26,3.1,2.4,11.8,2.1,9.9,S,S,SWELL,8.6,176
2024,04,13,08,56,2.9,2.2,12.5,2.0,9.9,S,S,SWELL,8.3,181
2024,04,13,08,26,3.0,2.3,11.8,1.9,8.3,S,S,SWELL,8.7,186
2024,04,13,07,56,2.9,2.1,11.8,2.0,9.9,S,S,SWELL,8.5,184
2024,04,13,07,26,3.0,2.2,12.5,2.1,9.9,S,S,SWELL,8.6,179
2024,04,13,06,56,3.0,2.3,12.5,2.0,9.1,S,S,SWELL,8.6,173
2024,04,13,06,26,3.1,2.3,12.5,2.1,9.9,S,S,SWELL,8.6,176
2024,04,13,05,56,3.2,2.5,11.1,2.1,9.9,S,S,AVERAGE,8.5,181
2024,04,13,05,26,3.3,2.6,11.8,2.1,9.9,S,S,SWELL,8.8,181
2024,04,13,04,56,3.1,2.4,13.3,2.1,9.9,S,S,SWELL,8.3,179
2024,04,13,04,26,3.4,2.7,13.3,2.0,9.1,S,S,SWELL,8.5,186
2024,04,13,03,56,3.6,3.0,12.5,2.2,9.9,S,S,SWELL,9.1,183
2024,04,13,03,26,3.5,2.8,12.5,2.2,9.9,S,S,SWELL,8.8,180
2024,04,13,02,56,3.7,2.9,13.3,2.3,9.9,S,S,SWELL,8.8,176
2024,04,13,02,26,3.6,2.8,12.5,2.2,9.9,S,S,SWELL,8.6,180
2024,04,13,01,56,3.4,2.4,13.3,2.5,9.9,S,S,AVERAGE,8.2,179
2024,04,13,01,26,3.8,3.0,13.3,2.3,9.1,S,S,SWELL,8.8,177
2024,04,13,00,56,3.4,2.5,12.5,2.3,9.9,S,S,SWELL,8.1,173
2024,04,13,00,26,3.5,2.7,11.8,2.4,9.9,S,S,AVERAGE,8.6,183
2024,04,12,23,56,3.6,2.7,11.8,2.3,9.1,S,S,AVERAGE,8.5,177
2024,04,12,23,26,3.5,2.6,12.5,2.3,9.9,S,S,SWELL,8.3,189
2024,04,12,22,56,3.0,1.9,12.5,2.4,9.9,S,S,AVERAGE,7.2,181
2024,04,12,22,26,3.3,2.2,11.8,2.5,9.9,S,S,AVERAGE,7.7,191
2024,04,12,21,56,3.3,2.1,11.8,2.6,9.9,S,S,AVERAGE,7.7,183
2024,04,12,21,26,3.2,2.0,11.8,2.5,9.1,S,S,AVERAGE,7.6,189
2024,04,12,20,56,3.3,2.2,11.1,2.5,9.1,S,S,AVERAGE,7.6,186
2024,04,12,20,26,3.6,2.1,11.1,3.0,9.9,S,S,AVERAGE,7.8,176
2024,04,12,19,56,3.5,2.1,11.8,2.9,9.9,S,S,AVERAGE,7.6,186
2024,04,12,19,26,3.4,1.9,11.1,2.9,9.9,S,SSW,AVERAGE,7.4,179
2024,04,12,18,56,3.6,2.2,11.1,3.0,9.9,S,S,AVERAGE,7.8,187
2024,04,12,18,26,3.2,1.7,11.8,2.8,9.9,S,S,AVERAGE,7.5,187
2024,04,12,17,56,3.7,1.8,10.5,3.4,9.9,S,S,AVERAGE,7.5,179
2024,04,12,17,26,3.2,1.2,11.1,3.1,9.9,S,S,AVERAGE,7.3,179
2024,04,12,16,56,3.2,1.4,10.5,3.0,7.7,S,S,AVERAGE,7.1,183
2024,04,12,16,26,3.6,1.2,11.1,3.5,9.1,S,S,STEEP,7.0,179
2024,04,12,15,56,3.4,1.0,11.1,3.3,8.3,S,S,STEEP,6.6,174
2024,04,12,15,26,3.2,0.7,10.5,3.1,8.3,S,S,STEEP,6.4,173
2024,04,12,14,56,3.1,0.5,10.5,3.1,8.3,S,S,STEEP,6.4,172
2024,04,12,14,26,3.1,0.5,10.5,3.1,7.7,S,S,STEEP,6.0,174
2024,04,12,13,56,3.1,0.3,11.8,3.1,7.7,S,S,STEEP,6.0,170
2024,04,12,13,26,3.0,0.3,11.8,3.0,7.7,SSE,S,STEEP,5.8,169
2024,04,12,12,56,2.9,0.2,10.5,2.9,7.1,S,S,VERY_STEEP,5.7,169
2024,04,12,12,26,2.5,0.2,10.5,2.5,7.1,S,SSE,STEEP,5.2,165
2024,04,12,11,56,2.4,0.2,12.5,2.4,7.1,SSE,SSE,STEEP,5.2,160
2024,04,12,11,26,2.4,0.2,10.5,2.4,6.7,S,SSE,VERY_STEEP,5.2,165
2024,04,12,10,56,2.5,0.2,11.1,2.5,6.7,SSE,SSE,VERY_STEEP,5.2,162
2024,04,12,10,26,2.2,0.2,10.5,2.2,6.7,SE,S,VERY_STEEP,5.0,169
2024,04,12,09,56,2.2,0.2,14.3,2.2,6.2,SE,S,VERY_STEEP,5.0,169
2024,04,12,09,26,2.1,0.2,12.5,2.1,5.6,S,SSE,VERY_STEEP,4.8,167
2024,04,12,08,56,2.0,0.2,11.1,2.0,5.6,SE,SSE,VERY_STEEP,4.8,159
2024,04,12,08,26,1.8,0.2,11.1,1.8,5.9,SSE,SSE,VERY_STEEP,4.6,162
2024,04,12,07,56,1.8,0.2,10.5,1.8,5.6,SE,SSE,VERY_STEEP,4.7,158
2024,04,12,07,26,1.6,0.2,11.1,1.6,5.3,SSE,SSE,VERY_STEEP,4.6,159
2024,04,12,06,56,1.4,0.1,12.5,1.4,5.0,S,SSE,VERY_STEEP,4.5,163
2024,04,12,06,26,1.4,0.2,10.5,1.4,5.0,SSE,SSE,VERY_STEEP,4.4,158
2024,04,12,05,56,1.4,0.2,11.1,1.3,4.8,SE,SSE,VERY_STEEP,4.4,162
2024,04,12,05,26,1.3,0.2,10.5,1.3,4.8,ESE,SSE,VERY_STEEP,4.3,160
2024,04,12,04,56,1.2,0.2,11.1,1.2,4.3,SSE,SSE,VERY_STEEP,4.3,160
2024,04,12,04,26,1.1,0.2,11.1,1.1,7.7,SSE,SSE,AVERAGE,4.4,159
2024,04,12,03,56,1.1,0.2,10.5,1.1,7.7,SSE,SSE,AVERAGE,4.2,158
2024,04,12,03,26,1.1,0.2,10.5,1.1,4.2,SSE,SSE,VERY_STEEP,4.2,156
2024,04,12,02,56,1.1,0.2,10.5,1.1,6.7,SSE,SSE,STEEP,4.0,152
2024,04,12,02,26,1.1,0.2,11.1,1.1,4.3,SSE,SSE,VERY_STEEP,4.0,159
2024,04,12,01,56,1.0,0.1,11.8,1.0,4.2,SSE,SSE,VERY_STEEP,3.8,163
2024,04,12,01,26,1.0,0.2,10.5,1.0,6.2,SSE,SSE,STEEP,3.8,162
2024,04,12,00,56,1.0,0.2,10.5,1.0,4.2,SE,SSE,VERY_STEEP,3.8,153
2024,04,12,00,26,1.0,0.2,12.5,0.9,5.9,SSE,SSE,STEEP,3.7,162
2024,04,11,23,56,0.9,0.2,10.5,0.9,6.2,SSE,SSE,STEEP,3.8,159
2024,04,11,23,26,0.9,0.2,10.5,0.9,6.2,SE,SSE,STEEP,3.8,162
2024,04,11,22,56,0.8,0.2,10.5,0.8,6.7,SE,SSE,AVERAGE,4.1,151
2024,04,11,22,26,0.9,0.2,13.3,0.9,6.7,SSE,SSE,AVERAGE,4.2,148
2024,04,11,21,56,0.8,0.2,11.1,0.8,6.2,SE,SSE,,4.3,163
2024,04,11,21,26,0.7,0.2,10.5,0.7,6.7,SE,SSE,,4.7,155
2024,04,11,20,56,0.6,0.1,11.1,0.6,7.1,SE,SSE,,5.0,155
2024,04,11,20,26,0.7,0.2,11.8,0.6,6.7,SSE,SSE,,5.1,167
2024,04,11,19,56,0.7,0.2,15.4,0.7,6.7,SE,S,,5.1,174
2024,04,11,19,26,0.7,0.1,16.7,0.7,5.9,SSE,S,,5.3,173
2024,04,11,18,56,0.7,0.1,10.5,0.7,6.2,SE,S,,5.3,177
2024,04,11,18,26,0.7,0.2,14.3,0.7,6.7,SSE,S,,5.4,176
2024,04,11,17,56,0.6,0.2,14.3,0.6,6.7,SSE,SSE,,5.4,167
2024,04,11,17,26,0.7,0.2,15.4,0.7,7.1,SSE,SSE,,5.4,166
2024,04,11,16,56,0.7,0.2,11.1,0.7,6.7,SSE,S,,5.4,172
2024,04,11,16,26,0.7,0.2,11.8,0.7,7.1,SSE,SSE,,5.5,163
2024,04,11,15,56,0.7,0.2,15.4,0.7,7.1,SSE,SSE,,5.5,158
2024,04,11,15,26,0.7,0.2,10.5,0.7,6.7,SSE,SSE,,5.3,149
2024,04,11,14,56,0.7,0.2,16.7,0.6,7.1,SSE,SSE,,5.3,151
2024,04,11,14,26,0.7,0.2,16.7,0.7,6.7,SSE,SSE,,5.2,152
2024,04,11,13,56,0.7,0.1,16.7,0.7,6.7,SSE,SSE,,5.3,148
2024,04,11,13,26,0.7,0.2,14.3,0.7,6.7,SSE,SSE,,5.4,151
2024,04,11,12,56,0.7,0.1,11.1,0.7,6.2,SE,SSE,,5.3,151
2024,04,11,12,26,0.7,0.2,14.3,0.7,6.2,SSE,SE,,5.2,146
2024,04,11,11,56,0.7,0.1,10.5,0.7,6.2,SSE,SE,,5.1,146
2024,04,11,11,26,0.7,0.2,15.4,0.7,6.2,SE,SE,,5.1,146
2024,04,11,10,56,0.7,0.2,16.7,0.7,6.7,SE,SSE,,5.1,156
2024,04,11,10,26,0.7,0.2,10.5,0.7,5.0,SE,SSE,,5.0,159
2024,04,11,09,56,0.7,0.2,12.5,0.7,6.2,SE,SSE,,5.0,162
2024,04,11,09,26,0.7,0.2,16.7,0.7,5.3,SSE,S,,5.0,176
2024,04,11,08,56,0.8,0.2,15.4,0.8,5.3,SE,SSE,,5.0,156
2024,04,11,08,26,0.8,0.2,15.4,0.8,5.3,SE,SSE,STEEP,4.9,162
2024,04,11,07,56,0.9,0.2,15.4,0.8,5.3,SE,S,STEEP,4.9,177
2024,04,11,07,26,0.9,0.2,15.4,0.9,5.3,SSE,SSE,STEEP,5.0,165
2024,04,11,06,56,0.8,0.2,15.4,0.8,5.3,SE,S,STEEP,4.8,169
2024,04,11,06,26,0.8,0.2,15.4,0.8,5.0,SSE,SSE,STEEP,4.7,167
2024,04,11,05,56,0.8,0.2,16.7,0.7,4.5,SSE,SSE,,4.6,166
2024,04,11,05,26,0.8,0.2,11.8,0.7,5.0,SSE,SSE,,4.5,163
2024,04,11,04,56,0.7,0.2,16.7,0.7,4.3,SSE,SSE,,4.4,166
2024,04,11,04,26,0.7,0.2,12.5,0.7,4.8,SSE,SSE,,4.3,158
2024,04,11,03,56,0.7,0.2,16.7,0.7,4.8,SSE,SSE,,4.2,153
2024,04,11,03,26,0.7,0.2,16.7,0.7,4.8,SSE,SSE,,4.2,160
2024,04,11,02,56,0.7,0.2,11.1,0.7,4.5,SSE,SSE,,4.1,156
2024,04,11,02,26,0.8,0.2,16.7,0.7,4.8,SSE,SSE,,3.8,156
2024,04,11,01,56,0.7,0.2,12.5,0.7,4.2,SE,SSE,,3.8,148
2024,04,11,01,26,0.8,0.2,16.7,0.7,4.2,SSE,SE,,3.7,146
2024,04,11,00,56,0.7,0.2,12.5,0.7,4.5,SSE,SE,,3.7,145
2024,04,11,00,26,0.8,0.2,11.1,0.7,4.0,SSE,SE,,3.7,145
2024,04,10,23,56,0.8,0.2,11.8,0.7,4.0,SSE,SE,,3.7,145
2024,04,10,23,26,0.8,0.2,13.3,0.7,3.9,SE,SSE,,3.5,149
2024,04,10,22,56,0.7,0.2,14.3,0.7,4.2,SSE,SE,,3.6,142
2024,04,10,22,26,0.8,0.2,15.4,0.7,4.3,SSE,SSE,,3.5,149
2024,04,10,21,56,0.8,0.2,15.4,0.8,4.2,SSE,SE,,3.4,144
2024,04,10,21,26,0.8,0.2,15.4,0.7,4.2,SE,SE,,3.6,144
2024,04,10,20,56,0.8,0.2,15.4,0.8,3.9,SE,SE,,3.7,145
2024,04,10,20,26,0.8,0.2,11.1,0.7,4.5,SE,SSE,,3.9,163
2024,04,10,19,56,0.8,0.2,10.5,0.8,4.3,SSE,SSE,VERY_STEEP,3.9,148
2024,04,10,19,26,0.8,0.2,11.1,0.7,4.2,SE,SE,,3.9,144
2024,04,10,18,56,0.8,0.2,10.5,0.7,4.0,SE,SE,,3.8,136
2024,04,10,18,26,0.8,0.2,15.4,0.8,4.3,SE,SE,,4.0,142
2024,04,10,17,56,0.8,0.2,11.8,0.8,4.3,SSE,SE,,4.0,139
2024,04,10,17,26,0.8,0.2,11.8,0.8,4.2,SE,SSE,VERY_STEEP,4.1,151
2024,04,10,16,56,0.8,0.2,16.7,0.8,4.2,SSE,SSE,VERY_STEEP,4.1,148
2024,04,10,16,26,0.7,0.2,10.5,0.7,4.3,S,SSE,,4.1,158
2024,04,10,15,56,0.7,0.2,14.3,0.7,4.2,SSE,SSE,,4.0,152
2024,04,10,15,26,0.8,0.2,14.3,0.8,4.0,SSE,SSE,,4.1,153
2024,04,10,14,56,0.8,0.2,12.5,0.7,6.7,SSE,SSW,,4.0,194
2024,04,10,14,26,0.8,0.2,11.8,0.8,6.2,SSE,S,,3.9,183
2024,04,10,13,56,0.7,0.2,11.1,0.7,5.6,SSE,S,,3.7,189
2024,04,10,13,26,0.7,0.2,12.5,0.7,3.7,SSE,SE,,3.6,138
2024,04,10,12,56,0.7,0.2,11.1,0.7,3.7,SE,SE,,3.6,135
2024,04,10,12,26,0.7,0.2,12.5,0.7,3.6,SSE,SE,,3.4,131
2024,04,10,11,56,0.7,0.2,12.5,0.7,3.5,SE,SE,,3.3,136
2024,04,10,11,26,0.7,0.2,13.3,0.7,3.2,SE,ESE,,3.1,122
2024,04,10,10,56,0.6,0.2,12.5,0.6,3.2,SSE,SE,,3.1,129
2024,04,10,10,26,0.6,0.2,15.4,0.6,3.3,SE,SE,,3.1,139
2024,04,10,09,56,0.6,0.2,14.3,0.6,3.0,SSE,SE,,3.0,124
2024,04,10,09,26,0.6,0.2,11.8,0.5,3.1,SSE,SE,,3.0,135
2024,04,10,08,56,0.5,0.2,10.5,0.5,4.0,SE,SSW,,3.2,146
2024,04,10,08,26,0.5,0.2,11.8,0.5,4.2,SSE,SSW,,3.3,156
2024,04,10,07,56,0.4,0.2,10.5,0.4,9.1,SE,SE,,3.7,145
2024,04,10,07,26,0.4,0.2,14.3,0.4,9.1,SSE,SE,,3.7,159
2024,04,10,06,56,0.4,0.1,11.1,0.4,9.1,SSE,SE,,3.6,145
2024,04,10,06,26,0.5,0.2,10.5,0.4,9.9,SSE,SE,,3.8,151
2024,04,10,05,56,0.5,0.1,11.1,0.4,4.2,SSE,SSW,,3.5,201
2024,04,10,05,26,0.5,0.1,10.5,0.4,4.0,SSE,SSW,,3.6,196
2024,04,10,04,56,0.4,0.1,11.1,0.4,4.3,SE,SSW,,3.6,207
2024,04,10,04,26,0.4,0.1,11.1,0.4,4.2,SSE,SSW,,3.6,155
2024,04,10,03,56,0.4,0.2,11.1,0.4,9.9,SSE,SE,,3.8,152
2024,04,10,03,26,0.4,0.2,11.1,0.4,4.2,SE,SSW,,3.9,142
2024,04,10,02,56,0.4,0.2,11.1,0.4,4.5,SE,SSW,,4.2,146
2024,04,10,02,26,0.4,0.2,11.1,0.3,3.9,SE,SSW,,4.0,144
2024,04,10,01,56,0.4,0.2,11.1,0.3,9.9,SSE,SSE,,3.9,148
2024,04,10,01,26,0.4,0.1,11.8,0.4,4.0,SE,SSW,,3.4,146
2024,04,10,00,56,0.4,0.1,11.1,0.4,4.0,SE,S,,3.2,144
2024,04,10,00,26,0.4,0.1,12.5,0.4,9.9,SSE,SSE,,3.7,151
2024,04,09,23,56,0.4,0.1,11.8,0.4,3.9,SSE,SSW,,3.4,155
2024,04,09,23,26,0.4,0.1,11.8,0.3,4.0,SE,SSW,,3.4,211
2024,04,09,22,56,0.3,0.1,11.8,0.3,3.6,SSE,SSW,,4.1,210
2024,04,09,22,26,0.3,0.1,11.8,0.3,3.9,SSE,SSW,,4.5,205
2024,04,09,21,56,0.3,0.1,10.5,0.3,3.9,SSE,SSW,,4.5,148
2024,04,09,21,26,0.4,0.1,11.8,0.3,3.9,SE,SSW,,4.4,208
2024,04,09,20,56,0.4,0.2,10.5,0.3,4.2,SSE,SSW,,4.6,153
2024,04,09,20,26,0.4,0.2,10.5,0.3,4.0,SE,SSW,,4.8,211
2024,04,09,19,56,0.4,0.2,10.5,0.3,9.9,SE,SSE,,5.0,138
2024,04,09,19,26,0.4,0.2,11.1,0.4,9.9,SE,SE,,4.9,144
2024,04,09,18,56,0.4,0.2,11.8,0.4,9.9,SE,SE,,5.2,142
2024,04,09,18,26,0.4,0.2,11.8,0.3,9.9,SSE,SE,,4.9,152
2024,04,09,17,56,0.4,0.2,11.1,0.3,9.9,SE,SSE,,5.0,145
2024,04,09,17,26,0.4,0.2,10.5,0.3,4.2,SSE,SSW,,4.7,148
2024,04,09,16,56,0.4,0.1,10.5,0.3,4.0,SE,SSW,,4.8,142
2024,04,09,16,26,0.4,0.2,11.1,0.3,4.0,SSE,SW,,4.9,151
2024,04,09,15,56,0.4,0.2,10.5,0.3,4.2,SSE,SSW,,4.6,156
2024,04,09,15,26,0.4,0.2,11.1,0.3,4.2,SSE,SSW,,4.5,149
2024,04,09,14,56,0.4,0.2,11.8,0.4,4.2,SSE,SSW,,4.5,151
2024,04,09,14,26,0.4,0.2,11.1,0.4,4.3,SE,SSW,,4.3,146
2024,04,09,13,56,0.4,0.2,11.1,0.4,4.2,SE,SSW,,4.3,144
2024,04,09,13,26,0.4,0.1,12.5,0.4,4.2,SSE,SSW,,4.1,155
2024,04,09,12,56,0.4,0.1,10.5,0.4,4.0,SE,SSW,,4.0,212
2024,04,09,12,26,0.4,0.1,10.5,0.4,4.3,SE,SSW,,3.9,208
2024,04,09,11,56,0.4,0.1,11.1,0.4,4.3,SSE,SSW,,3.9,204
2024,04,09,11,26,0.4,0.1,11.1,0.4,4.2,SSE,SSW,,3.7,208
2024,04,09,10,56,0.4,0.1,10.5,0.4,4.2,SSE,SW,,3.6,215
2024,04,09,10,26,0.4,0.2,11.8,0.4,4.2,SSE,SSW,,3.7,156
2024,04,09,09,56,0.5,0.1,11.8,0.4,4.2,SSE,SW,,3.6,218
2024,04,09,09,26,0.5,0.1,10.5,0.5,4.2,SE,SW,,3.6,219
2024,04,09,08,56,0.5,0.2,11.1,0.5,4.3,SE,SW,,3.6,218
2024,04,09,08,26,0.5,0.2,11.8,0.5,4.3,SE,SW,,3.9,224
2024,04,09,07,56,0.6,0.2,11.1,0.5,4.2,SE,SW,,3.8,222
2024,04,09,07,26,0.5,0.2,10.5,0.5,4.5,SE,SW,,3.9,218
2024,04,09,06,56,0.6,0.3,12.5,0.5,4.5,SSE,SW,,4.3,153
2024,04,09,06,26,0.6,0.2,12.5,0.6,4.3,SE,SW,,3.9,218
2024,04,09,05,56,0.7,0.2,11.8,0.6,4.3,SSE,SW,,4.0,218
2024,04,09,05,26,0.7,0.2,12.5,0.6,4.3,SSE,SW,,3.8,218
2024,04,09,04,56,0.7,0.2,12.5,0.6,4.2,SE,SW,,3.8,219
2024,04,09,04,26,0.7,0.2,11.1,0.6,4.3,SSE,SW,,3.8,217
2024,04,09,03,56,0.7,0.3,12.5,0.6,4.5,SSE,SW,,3.8,155
2024,04,09,03,26,0.7,0.3,11.8,0.6,4.2,SSE,SW,,3.8,149
2024,04,09,02,56,0.7,0.3,11.8,0.6,4.0,SSE,SW,,4.0,149
2024,04,09,02,26,0.8,0.3,11.8,0.7,4.2,SSE,SW,,4.0,148
2024,04,09,01,56,0.8,0.3,11.8,0.7,4.3,SE,SW,,3.9,146
2024,04,09,01,26,0.7,0.3,11.8,0.7,3.9,SE,SW,,3.6,146
2024,04,09,00,56,0.8,0.3,11.8,0.7,4.0,SE,SW,,3.7,141
2024,04,09,00,26,0.7,0.3,12.5,0.7,3.7,SE,SW,,3.6,142
2024,04,08,23,56,0.7,0.3,12.5,0.7,3.3,SSE,SW,,3.5,148
2024,04,08,23,26,0.7,0.3,11.8,0.6,3.3,SE,SW,,3.5,145
2024,04,08,22,56,0.7,0.3,12.5,0.6,3.1,SSE,SW,,3.5,155
2024,04,08,22,26,0.6,0.3,12.5,0.5,2.9,SSE,WSW,,3.4,155
2024,04,08,21,56,0.6,0.3,11.8,0.5,2.9,SSE,WSW,,3.5,149
2024,04,08,21,26,0.6,0.3,11.8,0.5,2.8,SSE,SW,,3.7,156
2024,04,08,20,56,0.6,0.3,13.3,0.5,2.9,SSE,SW,,3.6,152
2024,04,08,20,26,0.6,0.3,11.8,0.6,2.8,SE,SW,,3.7,145
2024,04,08,19,56,0.6,0.3,12.5,0.5,9.9,SSE,SE,,3.9,149
2024,04,08,19,26,0.6,0.3,12.5,0.5,9.9,SE,SE,,4.2,145
2024,04,08,18,56,0.6,0.3,12.5,0.5,9.1,SE,SE,,4.4,145
2024,04,08,18,26,0.6,0.3,12.5,0.5,9.9,SSE,SE,,5.0,148
2024,04,08,17,56,0.5,0.3,11.8,0.4,9.9,SSE,SE,,4.7,153
2024,04,08,17,26,0.5,0.3,12.5,0.4,9.9,SE,SE,,4.9,138
2024,04,08,16,56,0.5,0.3,12.5,0.4,9.9,SE,SE,,5.0,139
2024,04,08,16,26,0.5,0.3,11.8,0.4,9.1,SSE,SSE,,5.5,153
2024,04,08,15,56,0.5,0.3,11.8,0.4,9.9,SSE,SE,,6.1,148
2024,04,08,15,26,0.4,0.3,11.8,0.3,9.9,SE,SE,,6.1,142
2024,04,08,14,56,0.4,0.3,12.5,0.3,9.9,SSE,SSE,,6.2,148
2024,04,08,14,26,0.4,0.3,11.8,0.3,9.9,SSE,SE,,6.1,149
2024,04,08,13,56,0.4,0.3,11.8,0.3,9.9,SE,SSE,,5.2,146
2024,04,08,13,26,0.4,0.3,11.1,0.3,9.1,SE,SE,,5.2,145
2024,04,08,12,56,0.4,0.2,11.8,0.3,9.9,SE,SE,,4.3,144
2024,04,08,12,26,0.4,0.2,10.5,0.3,9.1,SE,SE,,4.0,138
2024,04,08,11,56,0.4,0.2,11.1,0.4,9.9,SE,SE,,4.1,144
2024,04,08,11,26,0.4,0.2,12.5,0.4,9.9,SSE,SSE,,3.5,152
2024,04,08,10,56,0.4,0.2,11.8,0.4,3.7,SSE,SW,,3.5,149
2024,04,08,10,26,0.4,0.1,11.8,0.4,3.7,SE,SW,,3.3,145
2024,04,08,09,56,0.4,0.1,13.3,0.4,3.3,SSE,WSW,,3.3,238
2024,04,08,09,26,0.4,0.1,11.1,0.4,3.3,SSE,SW,,3.2,229
2024,04,08,08,56,0.5,0.1,12.5,0.4,3.1,SSE,WSW,,3.1,241
2024,04,08,08,26,0.4,0.1,11.8,0.4,2.5,SE,NW,,3.1,304
2024,04,08,07,56,0.4,0.1,12.5,0.3,2.7,SE,W,,3.1,262
2024,04,08,07,26,0.4,0.1,11.1,0.3,2.6,SSE,W,,3.1,281
2024,04,08,06,56,0.3,0.1,13.3,0.3,9.1,SSE,SE,,3.2,148
2024,04,08,06,26,0.3,0.1,11.1,0.3,8.3,SE,SE,,3.6,144
2024,04,08,05,56,0.3,0.1,10.5,0.3,9.9,SE,SSE,,4.4,149
2024,04,08,05,26,0.3,0.1,11.1,0.2,9.1,SE,SE,,4.4,141
2024,04,08,04,56,0.3,0.1,11.1,0.2,7.7,SE,SE,,5.0,146
2024,04,08,04,26,0.2,0.1,11.8,0.2,9.1,SE,SE,,5.3,145
2024,04,08,03,56,0.3,0.1,12.5,0.2,8.3,SSE,SE,,5.5,144
2024,04,08,03,26,0.3,0.1,10.5,0.2,9.1,SE,SSE,,4.7,145
2024,04,08,02,56,0.3,0.1,10.5,0.3,9.1,SSE,SE,,4.0,148
2024,04,08,02,26,0.3,0.1,11.8,0.3,9.1,SSE,SE,,3.9,149
2024,04,08,01,56,0.4,0.1,11.8,0.3,2.9,SE,NE,,3.4,48
2024,04,08,01,26,0.4,0.1,13.3,0.4,3.1,SSE,NE,,3.3,49
2024,04,08,00,56,0.4,0.1,12.5,0.4,3.2,SSE,NE,,3.3,51
2024,04,08,00,26,0.4,0.1,11.1,0.4,3.1,SE,NE,,3.2,45
2024,04,07,23,56,0.4,0.1,12.5,0.4,9.1,SSE,SE,,3.2,139
2024,04,07,23,26,0.4,0.1,12.5,0.4,3.3,SE,NE,,3.3,141
2024,04,07,22,56,0.4,0.1,12.5,0.3,2.9,SSE,MM,,3.4,152
2024,04,07,22,26,0.4,0.1,11.8,0.4,2.7,SSE,NNW,,3.4,156
2024,04,07,21,56,0.4,0.1,12.5,0.4,3.6,SE,NE,,3.2,42
2024,04,07,21,26,0.5,0.1,12.5,0.4,3.1,SSE,NNE,,3.2,24
2024,04,07,20,56,0.5,0.1,11.8,0.5,3.0,SSE,NNE,,3.2,25
2024,04,07,20,26,0.6,0.1,12.5,0.5,3.5,SSE,NE,,3.2,35
2024,04,07,19,56,0.5,0.1,12.5,0.5,3.3,SSE,NNE,,3.1,32
2024,04,07,19,26,0.5,0.1,12.5,0.5,3.2,SE,NNE,,3.0,31
2024,04,07,18,56,0.5,0.1,11.8,0.5,3.6,SSE,NE,,3.0,37
2024,04,07,18,26,0.6,0.1,11.8,0.6,3.5,SE,NE,,3.0,41
2024,04,07,17,56,0.6,0.1,11.8,0.6,3.0,SSE,NE,,3.0,38
2024,04,07,17,26,0.6,0.1,13.3,0.6,2.9,SE,NNE,,2.9,32
2024,04,07,16,56,0.6,0.1,11.1,0.6,2.6,SE,NNE,,2.9,16
2024,04,07,16,26,0.6,0.1,11.8,0.6,2.7,SSE,N,,2.9,6
2024,04,07,15,56,0.6,0.1,11.1,0.6,2.7,SE,N,,2.8,11
2024,04,07,15,26,0.6,0.1,13.3,0.6,3.1,SSE,NE,,2.8,38
2024,04,07,14,56,0.6,0.1,10.5,0.6,2.6,SSE,N,,2.8,6
2024,04,07,14,26,0.6,0.1,11.8,0.6,2.7,SSE,NNE,,2.9,21
2024,04,07,13,56,0.6,0.1,10.5,0.6,2.4,SE,N,,2.9,1
2024,04,07,13,26,0.6,0.2,10.5,0.6,3.3,SE,NE,,3.0,145
2024,04,07,12,56,0.6,0.2,12.5,0.6,3.3,SE,NE,,3.1,51
2024,04,07,12,26,0.6,0.1,11.8,0.6,3.3,SE,NE,,3.1,51
2024,04,07,11,56,0.6,0.2,13.3,0.6,3.6,SSE,NE,,3.1,48
2024,04,07,11,26,0.6,0.1,11.1,0.6,3.5,SSE,NE,,3.2,42
2024,04,07,10,56,0.7,0.2,11.1,0.7,3.7,SE,NE,,3.3,35
2024,04,07,10,26,0.7,0.1,11.8,0.6,3.5,SSE,NNE,,3.3,28
2024,04,07,09,56,0.6,0.1,11.8,0.6,3.7,SSE,NNE,,3.3,31
2024,04,07,09,26,0.7,0.2,12.5,0.7,3.3,SE,NNE,,3.4,16
2024,04,07,08,56,0.7,0.1,11.8,0.7,3.6,SE,NNE,,3.4,30
2024,04,07,08,26,0.7,0.2,13.3,0.7,3.5,SSE,NE,,3.4,38
2024,04,07,07,56,0.7,0.2,13.3,0.7,3.6,SSE,NE,,3.3,34
2024,04,07,07,26,0.7,0.2,13.3,0.7,3.0,SE,N,,3.3,357
2024,04,07,06,56,0.7,0.2,13.3,0.6,3.1,SE,MM,,3.1,0
2024,04,07,06,26,0.7,0.2,14.3,0.6,2.9,SSE,N,,3.1,359
2024,04,07,05,56,0.7,0.2,11.1,0.6,2.8,SSE,N,,3.2,353
2024,04,07,05,26,0.6,0.2,12.5,0.6,9.1,SE,S,,3.2,181
2024,04,07,04,56,0.7,0.2,11.1,0.7,9.1,SSE,S,,3.2,179
2024,04,07,04,26,0.7,0.2,10.5,0.7,2.6,SSE,N,,3.3,359
2024,04,07,03,56,0.7,0.2,10.5,0.7,9.1,SSE,S,,3.3,184
2024,04,07,03,26,0.7,0.2,10.5,0.7,9.1,SSE,S,,3.1,179
2024,04,07,02,56,0.7,0.2,10.5,0.7,9.1,SSE,S,,3.2,184
2024,04,07,02,26,0.7,0.2,15.4,0.7,9.1,SSE,S,,3.3,184
2024,04,07,01,56,0.8,0.2,10.5,0.7,9.1,S,S,,3.6,181
2024,04,07,01,26,0.8,0.2,10.5,0.8,9.1,SSE,S,AVERAGE,3.6,187
2024,04,07,00,56,0.8,0.2,10.5,0.8,9.1,S,S,AVERAGE,3.7,180
2024,04,07,00,26,0.8,0.2,10.5,0.8,9.9,S,SSE,AVERAGE,3.8,166
2024,04,06,23,56,0.8,0.2,10.5,0.7,9.1,SSE,S,,3.9,177
2024,04,06,23,26,0.7,0.2,10.5,0.7,9.1,SSE,S,,4.5,180
2024,04,06,22,56,0.8,0.2,10.5,0.8,9.1,SE,S,,4.3,177
2024,04,06,22,26,0.8,0.2,11.8,0.7,9.1,SSE,S,,4.3,180
2024,04,06,21,56,0.7,0.2,10.5,0.7,8.3,SSE,S,,4.2,174
2024,04,06,21,26,0.8,0.2,10.5,0.8,9.1,S,S,AVERAGE,4.3,177
2024,04,06,20,56,0.8,0.2,10.5,0.8,9.1,SSW,S,AVERAGE,4.3,174
2024,04,06,20,26,0.8,0.2,10.5,0.7,9.9,S,S,,4.7,169
2024,04,06,19,56,0.7,0.2,10.5,0.7,9.9,S,SSE,,4.6,167
2024,04,06,19,26,0.8,0.2,10.5,0.8,9.9,S,S,AVERAGE,4.5,170
2024,04,06,18,56,0.9,0.3,10.5,0.8,3.3,S,N,VERY_STEEP,4.5,3
2024,04,06,18,26,0.9,0.3,10.5,0.8,9.9,S,S,AVERAGE,4.6,170
2024,04,06,17,56,0.9,0.3,10.5,0.8,9.9,S,S,AVERAGE,4.7,184
2024,04,06,17,26,0.9,0.3,10.5,0.8,9.9,S,S,AVERAGE,4.7,173
2024,04,06,16,56,0.9,0.3,10.5,0.8,9.1,SSW,S,AVERAGE,4.8,177
2024,04,06,16,26,0.9,0.3,11.1,0.8,9.1,S,S,AVERAGE,4.9,183
2024,04,06,15,56,0.9,0.4,10.5,0.8,9.9,S,S,AVERAGE,4.7,181
2024,04,06,15,26,1.0,0.4,10.5,0.9,9.1,S,S,AVERAGE,5.1,183
2024,04,06,14,56,1.0,0.3,11.1,0.9,9.9,S,S,AVERAGE,4.8,176
2024,04,06,14,26,1.0,0.3,11.1,1.0,9.9,SSW,SSW,AVERAGE,4.6,193
2024,04,06,13,56,1.0,0.4,10.5,0.9,9.9,S,S,AVERAGE,4.8,179
2024,04,06,13,26,1.0,0.4,10.5,0.9,9.9,S,S,AVERAGE,4.7,174
2024,04,06,12,56,1.1,0.5,11.1,1.0,9.9,S,S,AVERAGE,5.1,180
2024,04,06,12,26,1.1,0.5,10.5,1.0,9.1,S,S,AVERAGE,4.8,187
2024,04,06,11,56,1.1,0.4,10.5,1.1,9.9,S,S,AVERAGE,5.1,184
2024,04,06,11,26,1.2,0.5,10.5,1.1,9.9,S,S,AVERAGE,5.2,179
2024,04,06,10,56,1.1,0.5,10.5,1.1,9.9,S,S,AVERAGE,5.0,180
2024,04,06,10,26,1.2,0.4,10.5,1.1,9.9,SSW,S,AVERAGE,5.1,194
2024,04,06,09,56,1.2,0.5,11.1,1.1,9.9,S,S,AVERAGE,5.3,189
2024,04,06,09,26,1.2,0.5,10.5,1.2,9.1,S,S,AVERAGE,5.4,184
2024,04,06,08,56,1.2,0.4,10.5,1.1,8.3,SSW,S,AVERAGE,5.3,180
2024,04,06,08,26,1.3,0.5,10.5,1.2,9.9,S,S,AVERAGE,5.3,184
2024,04,06,07,56,1.4,0.5,10.5,1.3,8.3,S,S,AVERAGE,5.7,179
2024,04,06,07,26,1.4,0.4,10.5,1.4,9.9,S,S,AVERAGE,5.5,180
2024,04,06,06,56,1.4,0.5,10.5,1.3,9.1,S,S,AVERAGE,5.5,183
2024,04,06,06,26,1.4,0.5,10.5,1.3,9.9,S,S,AVERAGE,5.6,179
2024,04,06,05,56,1.5,0.6,10.5,1.4,9.9,S,S,AVERAGE,5.9,190
2024,04,06,05,26,1.5,0.5,10.5,1.4,9.9,S,S,AVERAGE,5.8,180
2024,04,06,04,56,1.5,0.5,11.1,1.4,9.9,SSW,S,AVERAGE,5.5,197
2024,04,06,04,26,1.5,0.6,11.1,1.4,9.9,S,S,AVERAGE,5.8,187
2024,04,06,03,56,1.5,0.6,10.5,1.4,9.9,S,S,AVERAGE,5.6,183
2024,04,06,03,26,1.5,0.6,10.5,1.4,9.1,S,S,AVERAGE,5.7,183
2024,04,06,02,56,1.7,0.7,11.1,1.5,9.1,S,S,AVERAGE,6.0,181
2024,04,06,02,26,1.5,0.6,11.1,1.4,9.1,SSW,S,AVERAGE,5.9,187
2024,04,06,01,56,1.5,0.7,11.1,1.4,9.9,S,S,AVERAGE,5.8,180
2024,04,06,01,26,1.5,0.7,11.1,1.4,9.9,S,S,AVERAGE,5.7,187
2024,04,06,00,56,1.4,0.6,10.5,1.3,9.9,S,S,AVERAGE,5.4,180
2024,04,06,00,26,1.6,0.7,11.1,1.4,9.1,S,S,AVERAGE,5.9,184
2024,04,05,23,56,1.5,0.7,10.5,1.3,9.9,S,S,AVERAGE,5.6,183
2024,04,05,23,26,1.4,0.7,10.5,1.3,9.9,S,S,AVERAGE,5.6,179
2024,04,05,22,56,1.4,0.7,11.1,1.2,9.9,S,S,AVERAGE,5.4,180
2024,04,05,22,26,1.4,0.7,11.8,1.2,9.9,S,S,AVERAGE,5.5,183
2024,04,05,21,56,1.4,0.8,11.8,1.2,9.9,S,S,AVERAGE,5.3,186
2024,04,05,21,26,1.5,0.8,11.1,1.2,9.1,S,S,AVERAGE,5.6,186
2024,04,05,20,56,1.2,0.6,10.5,1.1,9.9,SSW,S,AVERAGE,5.2,200
2024,04,05,20,26,1.3,0.6,11.1,1.2,9.9,SSW,SSW,AVERAGE,5.2,200
2024,04,05,19,56,1.3,0.6,11.1,1.1,9.9,S,SSW,AVERAGE,5.1,190
2024,04,05,19,26,1.4,0.6,11.1,1.2,4.5,S,WSW,AVERAGE,5.2,189
2024,04,05,18,56,1.3,0.6,11.1,1.2,9.9,S,S,AVERAGE,5.2,190
2024,04,05,18,26,1.4,0.6,11.1,1.3,5.0,SSW,WSW,AVERAGE,5.1,203
2024,04,05,17,56,1.5,0.6,11.8,1.4,5.0,S,WSW,AVERAGE,5.2,181
2024,04,05,17,26,1.5,0.6,11.8,1.4,4.5,SSW,WSW,AVERAGE,5.1,198
2024,04,05,16,56,1.6,0.7,11.1,1.5,4.8,S,WSW,AVERAGE,5.2,183
2024,04,05,16,26,1.5,0.5,11.8,1.4,5.0,S,SW,VERY_STEEP,5.0,225
2024,04,05,15,56,1.3,0.5,11.1,1.2,9.1,S,S,AVERAGE,5.2,177
2024,04,05,15,26,1.3,0.6,10.5,1.1,7.7,S,S,AVERAGE,5.4,174
2024,04,05,14,56,1.3,0.5,10.5,1.2,8.3,S,S,AVERAGE,5.2,172
2024,04,05,14,26,1.2,0.5,11.1,1.1,9.1,S,S,AVERAGE,5.0,176
2024,04,05,13,56,1.3,0.6,11.1,1.2,9.1,SSE,S,AVERAGE,5.3,167
2024,04,05,13,26,1.3,0.5,11.1,1.2,9.1,S,S,AVERAGE,5.4,186
2024,04,05,12,56,1.4,0.7,11.1,1.2,8.3,S,S,AVERAGE,5.6,179
2024,04,05,12,26,1.3,0.5,10.5,1.2,9.1,S,S,AVERAGE,5.4,180
2024,04,05,11,56,1.3,0.6,10.5,1.2,9.9,S,S,AVERAGE,5.6,176
2024,04,05,11,26,1.3,0.6,10.5,1.2,9.9,S,S,AVERAGE,5.7,183
2024,04,05,10,56,1.4,0.7,11.1,1.2,9.9,SSE,S,AVERAGE,5.7,166
2024,04,05,10,26,1.3,0.7,11.1,1.2,9.1,S,S,AVERAGE,5.7,174
2024,04,05,09,56,1.4,0.7,10.5,1.2,9.9,S,S,AVERAGE,5.7,176
2024,04,05,09,26,1.4,0.6,10.5,1.2,9.9,S,S,AVERAGE,5.4,173
2024,04,05,08,56,1.4,0.6,11.1,1.3,9.9,SSE,S,AVERAGE,5.4,183
2024,04,05,08,26,1.5,0.8,10.5,1.3,9.9,S,S,AVERAGE,5.9,172
2024,04,05,07,56,1.5,0.8,11.1,1.3,9.9,SSE,S,AVERAGE,5.8,165
2024,04,05,07,26,1.6,0.8,11.1,1.4,9.9,S,S,AVERAGE,6.0,170
2024,04,05,06,56,1.6,0.7,11.1,1.4,9.9,SSE,SSW,AVERAGE,5.8,165
2024,04,05,06,26,1.5,0.7,11.1,1.4,9.9,S,S,AVERAGE,5.9,184
2024,04,05,05,56,1.6,0.7,11.8,1.4,9.9,SSE,S,AVERAGE,5.8,160
2024,04,05,05,26,1.5,0.7,10.5,1.4,9.1,S,S,AVERAGE,5.8,183
2024,04,05,04,56,1.5,0.7,11.1,1.4,9.9,S,S,AVERAGE,6.0,181
2024,04,05,04,26,1.6,0.6,11.1,1.5,8.3,S,S,AVERAGE,5.8,191
2024,04,05,03,56,1.5,0.6,10.5,1.3,8.3,S,S,AVERAGE,5.8,190
2024,04,05,03,26,1.6,0.7,11.8,1.5,9.1,SSE,S,AVERAGE,6.3,179
2024,04,05,02,56,1.6,0.6,11.1,1.5,9.1,S,S,AVERAGE,5.9,186
2024,04,05,02,26,1.6,0.6,11.8,1.6,9.9,SSE,S,AVERAGE,6.1,181
2024,04,05,01,56,1.7,0.6,10.5,1.6,9.1,S,S,AVERAGE,6.0,183
2024,04,05,01,26,1.7,0.5,10.5,1.6,9.1,S,S,AVERAGE,5.8,180
2024,04,05,00,56,1.7,0.6,12.5,1.6,9.1,SSE,S,AVERAGE,5.6,186
2024,04,05,00,26,1.8,0.5,11.1,1.8,9.9,SSE,S,AVERAGE,6.0,179
2024,04,04,23,56,1.7,0.5,11.1,1.6,9.1,S,S,AVERAGE,5.6,187
2024,04,04,23,26,1.8,0.5,10.5,1.8,9.9,S,S,AVERAGE,5.7,179
2024,04,04,22,56,1.8,0.5,10.5,1.8,9.1,S,S,AVERAGE,5.6,189
2024,04,04,22,26,1.9,0.5,10.5,1.8,9.1,S,S,AVERAGE,5.7,186
2024,04,04,21,56,1.9,0.5,10.5,1.9,9.9,S,S,AVERAGE,6.0,183
2024,04,04,21,26,2.0,0.6,11.1,1.9,9.1,SSE,S,AVERAGE,6.1,183
2024,04,04,20,56,1.9,0.5,10.5,1.9,9.1,S,S,AVERAGE,6.0,184
2024,04,04,20,26,1.8,0.5,10.5,1.7,9.1,SSW,S,AVERAGE,5.6,181
2024,04,04,19,56,2.0,0.5,10.5,1.9,9.1,S,S,AVERAGE,6.0,181
2024,04,04,19,26,1.9,0.4,10.5,1.9,9.9,S,S,AVERAGE,5.8,181
2024,04,04,18,56,1.8,0.6,10.5,1.8,9.1,S,S,AVERAGE,5.8,179
2024,04,04,18,26,1.7,0.5,10.5,1.6,9.1,S,S,AVERAGE,5.4,183
2024,04,04,17,56,1.7,0.5,11.1,1.7,9.9,SSE,S,AVERAGE,5.9,180
2024,04,04,17,26,1.7,0.5,11.1,1.6,9.9,SSE,S,AVERAGE,6.1,177
2024,04,04,16,56,1.6,0.5,10.5,1.5,9.9,S,S,AVERAGE,5.7,179
2024,04,04,16,26,1.6,0.5,10.5,1.6,9.1,S,S,AVERAGE,5.9,170
2024,04,04,15,56,1.6,0.6,10.5,1.5,9.9,SSE,S,AVERAGE,6.0,169
2024,04,04,15,26,1.5,0.5,10.5,1.5,9.9,SE,SSE,AVERAGE,5.4,159
2024,04,04,14,56,1.7,0.6,10.5,1.6,9.9,SSE,SSE,AVERAGE,5.4,166
2024,04,04,14,26,1.7,0.5,10.5,1.6,9.9,SE,SE,AVERAGE,5.2,142
2024,04,04,13,56,1.7,0.5,11.1,1.7,9.9,SE,SSE,AVERAGE,4.8,165
2024,04,04,13,26,1.9,0.6,10.5,1.8,9.9,SSE,SE,AVERAGE,5.2,145
2024,04,04,12,56,2.0,0.6,10.5,1.9,9.9,SE,SE,AVERAGE,4.9,139
2024,04,04,12,26,2.1,0.7,10.5,2.0,9.9,SE,SSE,AVERAGE,5.3,151
2024,04,04,11,56,2.2,0.6,10.5,2.1,9.9,SE,SSE,AVERAGE,5.2,151
2024,04,04,11,26,2.3,0.7,10.5,2.3,9.9,SE,SSE,AVERAGE,5.2,139
2024,04,04,10,56,2.3,0.8,10.5,2.2,9.9,SSE,S,AVERAGE,5.2,149
2024,04,04,10,26,2.4,0.8,10.5,2.3,9.9,SSE,SE,AVERAGE,5.4,144
2024,04,04,09,56,2.4,0.6,10.5,2.3,9.9,SE,SSE,AVERAGE,5.3,151
2024,04,04,09,26,2.4,0.8,10.5,2.3,9.9,SE,SE,AVERAGE,5.4,142
2024,04,04,08,56,2.5,0.8,10.5,2.4,9.9,SE,SE,AVERAGE,5.5,142
2024,04,04,08,26,2.6,0.8,10.5,2.5,9.9,SE,SE,AVERAGE,5.6,139
2024,04,04,07,56,2.7,0.8,10.5,2.6,9.1,SE,SE,AVERAGE,5.6,138
2024,04,04,07,26,2.6,0.7,10.5,2.5,9.9,SE,SE,AVERAGE,5.6,135
2024,04,04,06,56,2.8,0.8,10.5,2.7,9.9,SE,SE,AVERAGE,5.7,138
2024,04,04,06,26,2.8,0.7,10.5,2.8,9.9,SE,SE,AVERAGE,5.6,139
2024,04,04,05,56,2.6,0.7,10.5,2.6,9.1,SE,SE,AVERAGE,5.6,136
2024,04,04,05,26,2.6,0.5,10.5,2.5,9.1,SE,SE,AVERAGE,5.4,138
2024,04,04,04,56,2.7,0.5,10.5,2.6,9.1,SE,SE,AVERAGE,5.5,138
2024,04,04,04,26,2.8,0.5,10.5,2.7,9.1,SE,SE,AVERAGE,5.6,139
2024,04,04,03,56,2.6,0.5,10.5,2.6,9.1,SSE,SE,AVERAGE,5.4,138
2024,04,04,03,26,2.6,0.5,10.5,2.5,9.1,SE,SE,AVERAGE,5.5,139
2024,04,04,02,56,2.6,0.5,10.5,2.6,9.1,SSE,SE,AVERAGE,5.7,139
2024,04,04,02,26,2.5,0.4,10.5,2.5,9.1,SSE,SE,AVERAGE,5.3,139
2024,04,04,01,56,2.4,0.4,10.5,2.4,8.3,SE,SE,STEEP,5.2,136
2024,04,04,01,26,2.6,0.3,10.5,2.6,8.3,S,SE,STEEP,5.2,139
2024,04,04,00,56,2.5,0.3,10.5,2.5,8.3,SE,SE,STEEP,5.1,144
2024,04,04,00,26,2.6,0.3,11.1,2.5,8.3,SE,SE,STEEP,5.1,141
2024,04,03,23,56,2.3,0.3,10.5,2.3,7.7,SE,SE,STEEP,5.1,145
2024,04,03,23,26,2.4,0.3,11.1,2.4,7.7,SSE,SE,STEEP,5.1,144
2024,04,03,22,56,2.3,0.2,10.5,2.3,7.7,SSE,SE,STEEP,5.1,144
2024,04,03,22,26,2.3,0.3,10.5,2.3,8.3,SE,SE,STEEP,5.0,145
2024,04,03,21,56,2.2,0.2,10.5,2.2,4.3,SE,E,VERY_STEEP,4.9,80
2024,04,03,21,26,2.1,0.2,10.5,2.1,5.0,SSE,E,VERY_STEEP,4.8,82
2024,04,03,20,56,2.1,0.2,10.5,2.1,5.0,SE,ENE,VERY_STEEP,4.8,73
2024,04,03,20,26,2.0,0.2,10.5,2.0,5.6,ESE,E,VERY_STEEP,4.8,90
2024,04,03,19,56,2.0,0.2,12.5,2.0,4.8,SE,ENE,VERY_STEEP,4.8,72
2024,04,03,19,26,2.0,0.2,11.8,2.0,5.0,E,ENE,VERY_STEEP,4.8,59
2024,04,03,18,56,1.9,0.2,11.8,1.9,5.0,ESE,ENE,VERY_STEEP,4.6,70
2024,04,03,18,26,1.9,0.2,11.1,1.9,4.8,SE,ENE,VERY_STEEP,4.5,62
2024,04,03,17,56,1.7,0.2,10.5,1.7,4.2,SSE,NE,VERY_STEEP,4.5,54
2024,04,03,17,26,1.5,0.1,10.5,1.5,4.2,ESE,ENE,VERY_STEEP,4.3,61
2024,04,03,16,56,1.4,0.2,10.5,1.4,7.7,SE,SSE,AVERAGE,4.4,148
2024,04,03,16,26,1.3,0.2,12.5,1.3,7.7,ESE,SE,AVERAGE,4.3,145
2024,04,03,15,56,1.3,0.2,10.5,1.3,7.7,SSE,SE,AVERAGE,4.4,142
2024,04,03,15,26,1.3,0.2,10.5,1.3,8.3,S,SSE,AVERAGE,4.3,149
2024,04,03,14,56,1.3,0.1,12.5,1.3,7.1,SSE,SE,STEEP,4.3,144
2024,04,03,14,26,1.3,0.1,10.5,1.3,8.3,SE,SSE,AVERAGE,4.3,149
2024,04,03,13,56,1.2,0.1,10.5,1.2,8.3,SSE,SSE,AVERAGE,4.1,156
2024,04,03,13,26,1.3,0.2,10.5,1.3,7.7,SSE,SSE,AVERAGE,4.2,155
2024,04,03,12,56,1.3,0.2,10.5,1.3,8.3,SSE,SSE,AVERAGE,4.3,155
2024,04,03,12,26,1.2,0.2,11.1,1.2,8.3,SSE,SSE,AVERAGE,4.2,153
2024,04,03,11,56,1.2,0.1,10.5,1.2,8.3,S,SSE,AVERAGE,4.2,153
2024,04,03,11,26,1.1,0.2,10.5,1.1,8.3,S,SSE,AVERAGE,4.2,156
2024,04,03,10,56,1.1,0.1,10.5,1.1,8.3,SSE,SSE,AVERAGE,4.3,158
2024,04,03,10,26,1.1,0.2,10.5,1.1,8.3,SSE,SSE,AVERAGE,4.4,153
2024,04,03,09,56,1.1,0.1,11.1,1.1,8.3,SSE,SSE,AVERAGE,4.2,159
2024,04,03,09,26,1.1,0.2,11.1,1.1,7.1,SSE,SSE,AVERAGE,4.3,156
2024,04,03,08,56,1.1,0.1,10.5,1.1,5.6,SE,SE,STEEP,4.4,141
2024,04,03,08,26,1.0,0.1,12.5,1.0,8.3,SE,SSE,AVERAGE,4.4,151
2024,04,03,07,56,1.0,0.2,10.5,1.0,8.3,SE,SSE,AVERAGE,4.3,156
2024,04,03,07,26,1.0,0.2,10.5,1.0,9.1,SSE,SE,AVERAGE,4.4,145
2024,04,03,06,56,1.0,0.1,12.5,1.0,7.7,SE,SSE,AVERAGE,4.3,148
2024,04,03,06,26,1.0,0.1,13.3,1.0,8.3,SE,SSE,AVERAGE,4.3,151
2024,04,03,05,56,1.1,0.1,10.5,1.0,5.3,SE,SSE,VERY_STEEP,4.1,148
2024,04,03,05,26,1.1,0.1,10.5,1.1,3.9,SSE,NE,VERY_STEEP,4.2,54
2024,04,03,04,56,1.1,0.1,10.5,1.1,7.1,SE,SSE,AVERAGE,4.0,153
2024,04,03,04,26,1.0,0.1,10.5,1.0,7.7,SE,SSE,AVERAGE,4.1,152
2024,04,03,03,56,1.0,0.1,11.1,1.0,9.1,SE,SSE,AVERAGE,4.0,149
2024,04,03,03,26,1.0,0.1,10.5,1.0,7.7,SE,SSE,AVERAGE,4.1,158
2024,04,03,02,56,0.9,0.2,10.5,0.9,9.1,SSE,SSE,AVERAGE,4.3,148
2024,04,03,02,26,0.9,0.1,14.3,0.9,6.7,SE,SSE,AVERAGE,4.3,162
2024,04,03,01,56,0.9,0.1,10.5,0.9,6.2,SSE,SSE,STEEP,4.2,165
2024,04,03,01,26,0.9,0.2,10.5,0.9,7.7,SSE,SSE,AVERAGE,4.2,165
2024,04,03,00,56,0.8,0.1,10.5,0.8,6.2,SSE,SSE,STEEP,4.3,156
2024,04,03,00,26,0.8,0.2,10.5,0.8,6.7,SSE,SSE,AVERAGE,4.5,160
